******************************************
Nodal r-coordinates
6 1
-1.000000000000000 
0.000000000000000 
1.000000000000000 
-1.000000000000000 
0.000000000000000 
-1.000000000000000 
******************************************
Nodal s-coordinates
6 1
-1.000000000000000 
-1.000000000000000 
-1.000000000000000 
0.000000000000000 
0.000000000000000 
1.000000000000000 
******************************************
Nodal Dr differentiation matrix
6 6
-1.500000000000000 2.000000000000000 -0.500000000000000 0.000000000000000 0.000000000000000 0.000000000000000 
-0.500000000000000 -0.000000000000000 0.500000000000000 0.000000000000000 0.000000000000000 0.000000000000000 
0.500000000000000 -2.000000000000000 1.500000000000000 0.000000000000000 0.000000000000000 0.000000000000000 
-0.500000000000000 1.000000000000000 -0.500000000000000 -1.000000000000000 1.000000000000000 0.000000000000000 
0.500000000000000 -1.000000000000000 0.500000000000000 -1.000000000000000 1.000000000000000 0.000000000000000 
0.500000000000000 -0.000000000000000 -0.500000000000000 -2.000000000000000 2.000000000000000 0.000000000000000 
******************************************
Nodal Ds differentiation matrix
6 6
-1.500000000000000 -0.000000000000000 0.000000000000000 2.000000000000000 -0.000000000000000 -0.500000000000000 
-0.500000000000000 -1.000000000000000 0.000000000000000 1.000000000000000 1.000000000000000 -0.500000000000000 
0.500000000000000 -1.999999999999999 -0.000000000000001 -0.000000000000000 2.000000000000000 -0.500000000000000 
-0.500000000000000 -0.000000000000000 0.000000000000000 0.000000000000000 -0.000000000000000 0.500000000000000 
0.500000000000000 -1.000000000000000 -0.000000000000000 -1.000000000000000 1.000000000000000 0.500000000000000 
0.500000000000000 0.000000000000000 0.000000000000000 -2.000000000000000 -0.000000000000001 1.500000000000000 
******************************************
Nodal Mass Matrix
6 6
0.066666666666667 -0.000000000000000 -0.011111111111111 -0.000000000000000 -0.044444444444444 -0.011111111111111 
-0.000000000000000 0.355555555555556 -0.000000000000000 0.177777777777778 0.177777777777778 -0.044444444444444 
-0.011111111111111 0.000000000000000 0.066666666666667 -0.044444444444444 0.000000000000000 -0.011111111111111 
0.000000000000000 0.177777777777778 -0.044444444444444 0.355555555555556 0.177777777777778 0.000000000000000 
-0.044444444444444 0.177777777777778 0.000000000000000 0.177777777777778 0.355555555555556 0.000000000000000 
-0.011111111111111 -0.044444444444444 -0.011111111111111 -0.000000000000000 -0.000000000000000 0.066666666666667 
******************************************
Nodal Face nodes
3 3
0 1 2 
2 4 5 
0 3 5 
******************************************
Nodal Lift Matrix
6 9
4.500000000000000 2.000000000000002 -0.500000000000000 1.000000000000002 4.000000000000003 1.000000000000000 4.500000000000001 2.000000000000003 -0.500000000000000 
0.500000000000000 5.000000000000002 0.500000000000000 -0.625000000000000 -1.500000000000001 0.625000000000000 -0.625000000000001 -1.500000000000001 0.625000000000000 
-0.500000000000000 2.000000000000002 4.500000000000000 4.500000000000001 2.000000000000003 -0.500000000000000 1.000000000000001 4.000000000000003 1.000000000000000 
-0.625000000000000 -1.500000000000000 0.625000000000000 0.625000000000000 -1.499999999999999 -0.625000000000000 0.500000000000001 5.000000000000001 0.500000000000000 
0.625000000000000 -1.500000000000000 -0.625000000000000 0.500000000000001 5.000000000000001 0.500000000000000 0.625000000000000 -1.499999999999999 -0.625000000000000 
1.000000000000000 4.000000000000004 1.000000000000000 -0.500000000000000 2.000000000000001 4.499999999999999 -0.500000000000000 2.000000000000001 4.499999999999999 
******************************************
Plotting r-coordinates
28 1
-1.000000000000000 
-0.666666666666667 
-0.333333333333333 
0.000000000000000 
0.333333333333333 
0.666666666666667 
1.000000000000000 
-1.000000000000000 
-0.666666666666667 
-0.333333333333333 
0.000000000000000 
0.333333333333333 
0.666666666666667 
-1.000000000000000 
-0.666666666666667 
-0.333333333333333 
-0.000000000000000 
0.333333333333333 
-1.000000000000000 
-0.666666666666667 
-0.333333333333333 
0.000000000000000 
-1.000000000000000 
-0.666666666666667 
-0.333333333333333 
-1.000000000000000 
-0.666666666666667 
-1.000000000000000 
******************************************
Plotting s-coordinates
28 1
-1.000000000000000 
-1.000000000000000 
-1.000000000000000 
-1.000000000000000 
-1.000000000000000 
-1.000000000000000 
-1.000000000000000 
-0.666666666666667 
-0.666666666666667 
-0.666666666666667 
-0.666666666666667 
-0.666666666666667 
-0.666666666666667 
-0.333333333333333 
-0.333333333333333 
-0.333333333333333 
-0.333333333333333 
-0.333333333333333 
0.000000000000000 
0.000000000000000 
0.000000000000000 
0.000000000000000 
0.333333333333333 
0.333333333333333 
0.333333333333333 
0.666666666666667 
0.666666666666667 
1.000000000000000 
******************************************
Plotting Interpolation Matrix
28 6
1.000000000000000 -0.000000000000000 0.000000000000000 0.000000000000000 0.000000000000000 0.000000000000000 
0.555555555555556 0.555555555555555 -0.111111111111111 0.000000000000000 0.000000000000000 0.000000000000000 
0.222222222222222 0.888888888888889 -0.111111111111111 0.000000000000000 0.000000000000000 0.000000000000000 
0.000000000000000 1.000000000000000 0.000000000000000 0.000000000000000 -0.000000000000000 0.000000000000000 
-0.111111111111111 0.888888888888889 0.222222222222222 -0.000000000000000 0.000000000000000 0.000000000000000 
-0.111111111111111 0.555555555555555 0.555555555555556 -0.000000000000000 0.000000000000000 0.000000000000000 
0.000000000000000 -0.000000000000000 1.000000000000000 0.000000000000000 0.000000000000000 0.000000000000000 
0.555555555555556 -0.000000000000000 -0.000000000000000 0.555555555555555 0.000000000000000 -0.111111111111111 
0.222222222222222 0.444444444444444 -0.111111111111111 0.444444444444444 0.111111111111111 -0.111111111111111 
-0.000000000000000 0.666666666666667 -0.111111111111111 0.333333333333333 0.222222222222222 -0.111111111111111 
-0.111111111111111 0.666666666666666 0.000000000000000 0.222222222222222 0.333333333333333 -0.111111111111111 
-0.111111111111111 0.444444444444444 0.222222222222222 0.111111111111111 0.444444444444445 -0.111111111111111 
-0.000000000000000 -0.000000000000000 0.555555555555556 0.000000000000000 0.555555555555555 -0.111111111111111 
0.222222222222222 0.000000000000000 -0.000000000000000 0.888888888888889 0.000000000000000 -0.111111111111111 
0.000000000000000 0.333333333333333 -0.111111111111111 0.666666666666667 0.222222222222222 -0.111111111111111 
-0.111111111111111 0.444444444444445 -0.111111111111111 0.444444444444444 0.444444444444444 -0.111111111111111 
-0.111111111111111 0.333333333333334 -0.000000000000000 0.222222222222222 0.666666666666667 -0.111111111111111 
0.000000000000000 0.000000000000000 0.222222222222222 0.000000000000000 0.888888888888889 -0.111111111111111 
0.000000000000000 -0.000000000000000 -0.000000000000000 1.000000000000000 0.000000000000000 0.000000000000000 
-0.111111111111111 0.222222222222222 -0.111111111111111 0.666666666666667 0.333333333333333 0.000000000000000 
-0.111111111111111 0.222222222222222 -0.111111111111111 0.333333333333333 0.666666666666667 0.000000000000000 
0.000000000000000 -0.000000000000000 0.000000000000000 0.000000000000000 1.000000000000000 0.000000000000000 
-0.111111111111111 0.000000000000000 -0.000000000000000 0.888888888888889 0.000000000000000 0.222222222222222 
-0.111111111111111 0.111111111111111 -0.111111111111111 0.444444444444445 0.444444444444444 0.222222222222222 
-0.000000000000000 -0.000000000000000 -0.111111111111111 0.000000000000000 0.888888888888889 0.222222222222222 
-0.111111111111111 0.000000000000000 0.000000000000000 0.555555555555555 -0.000000000000000 0.555555555555556 
0.000000000000000 0.000000000000000 -0.111111111111111 0.000000000000000 0.555555555555555 0.555555555555556 
0.000000000000000 -0.000000000000000 0.000000000000000 0.000000000000000 0.000000000000000 1.000000000000000 
******************************************
Plotting triangulation
36 3
16 15 10 
10 9 3 
22 18 19 
15 9 10 
1 2 8 
9 2 3 
8 7 1 
19 18 14 
14 8 9 
0 1 7 
9 8 2 
13 7 8 
15 14 9 
13 8 14 
13 14 18 
23 25 22 
23 20 24 
23 19 20 
23 22 19 
19 15 20 
19 14 15 
23 26 25 
26 27 25 
23 24 26 
20 21 24 
20 16 21 
12 11 5 
11 16 10 
4 10 3 
11 17 16 
21 16 17 
20 15 16 
11 4 5 
11 10 4 
11 12 17 
5 6 12 
******************************************
Cubature r-coordinates
12 1
-0.501426509658179 
0.002853019316358 
-0.501426509658179 
-0.873821971016996 
0.747643942033991 
-0.873821971016996 
-0.379295097932431 
-0.893709900310366 
0.273004998242797 
-0.893709900310366 
0.273004998242797 
-0.379295097932431 
******************************************
Cubature s-coordinates
12 1
-0.501426509658179 
-0.501426509658179 
0.002853019316358 
-0.873821971016996 
-0.873821971016996 
0.747643942033991 
-0.893709900310366 
-0.379295097932431 
-0.893709900310366 
0.273004998242797 
-0.379295097932431 
0.273004998242797 
******************************************
Cubature weights
12 1
0.233572551452759 
0.233572551452759 
0.233572551452759 
0.101689812740414 
0.101689812740414 
0.101689812740414 
0.165702151236747 
0.165702151236747 
0.165702151236747 
0.165702151236747 
0.165702151236747 
0.165702151236747 
******************************************
Cubature Interpolation Matrix
12 6
0.001430579517789 0.499995930140390 -0.124998982535098 0.499995930140390 0.248575525271626 -0.124998982535098 
-0.124998982535098 0.499995930140390 0.001430579517789 0.248575525271626 0.499995930140390 -0.124998982535098 
-0.124998982535097 0.248575525271626 -0.124998982535098 0.499995930140390 0.499995930140390 0.001430579517789 
0.653307703047060 0.220514267969936 -0.055128566992484 0.220514267969937 0.015920894998036 -0.055128566992484 
-0.055128566992485 0.220514267969938 0.653307703047058 0.015920894998036 0.220514267969936 -0.055128566992484 
-0.055128566992484 0.015920894998036 -0.055128566992484 0.220514267969938 0.220514267969936 0.653307703047058 
0.173768363654173 0.790160442765821 -0.117715163308429 0.135307828168629 0.065974785918606 -0.047496257198801 
0.173768363654173 0.135307828168629 -0.047496257198801 0.790160442765821 0.065974785918606 -0.117715163308429 
-0.117715163308429 0.790160442765821 0.173768363654173 0.065974785918606 0.135307828168629 -0.047496257198801 
-0.117715163308429 0.065974785918606 -0.047496257198801 0.790160442765821 0.135307828168629 0.173768363654173 
-0.047496257198801 0.135307828168629 0.173768363654173 0.065974785918606 0.790160442765821 -0.117715163308429 
-0.047496257198801 0.065974785918606 -0.117715163308429 0.135307828168629 0.790160442765821 0.173768363654173 
******************************************
Cubature Weak Dr Differentiation Matrix
6 12
-1.766787843419672 0.883393921709836 0.883393921709836 -2.473298475946791 1.236649237973393 1.236649237973393 -2.260610233187958 -2.260610233187958 0.171359173545918 0.171359173545918 2.089251059642041 2.089251059642041 
0.662545441282377 -0.662545441282377 0.000000000000000 0.927486928480047 -0.927486928480045 0.000000000000001 0.607992351683469 1.087465323207500 -0.607992351683469 0.479472971524031 -1.087465323207500 -0.479472971524031 
-0.883393921709836 1.766787843419672 -0.883393921709836 -1.236649237973396 2.473298475946788 -1.236649237973395 -0.171359173545918 -2.089251059642040 2.260610233187958 -2.089251059642041 2.260610233187959 -0.171359173545918 
-0.875897067947846 -0.213351626665469 -1.538442509230223 -0.381336797776553 0.546150130703493 -1.308823726256598 -0.141910095613771 -1.100856038661832 0.466082256069698 -1.708848390345301 -0.013390715454332 -1.229375418821270 
0.213351626665469 0.875897067947846 1.538442509230223 -0.546150130703494 0.381336797776552 1.308823726256598 -0.466082256069698 0.013390715454332 0.141910095613770 1.229375418821270 1.100856038661832 1.708848390345301 
0.000000000000000 0.000000000000000 0.000000000000000 0.000000000000000 0.000000000000000 0.000000000000000 0.000000000000000 0.000000000000000 0.000000000000000 0.000000000000000 0.000000000000000 0.000000000000000 
******************************************
Cubature Weak Ds Differentiation Matrix
6 12
-1.766787843419672 0.883393921709836 0.883393921709836 -2.473298475946791 1.236649237973392 1.236649237973393 -2.260610233187959 -2.260610233187958 0.171359173545917 0.171359173545918 2.089251059642041 2.089251059642041 
-0.875897067947846 -1.538442509230223 -0.213351626665469 -0.381336797776553 -1.308823726256598 0.546150130703494 -1.100856038661832 -0.141910095613771 -1.708848390345301 0.466082256069699 -1.229375418821270 -0.013390715454332 
-0.000000000000000 -0.000000000000000 0.000000000000000 -0.000000000000001 -0.000000000000000 0.000000000000001 -0.000000000000000 -0.000000000000000 -0.000000000000001 0.000000000000000 -0.000000000000000 -0.000000000000000 
0.662545441282377 0.000000000000000 -0.662545441282377 0.927486928480047 0.000000000000001 -0.927486928480045 1.087465323207500 0.607992351683469 0.479472971524031 -0.607992351683469 -0.479472971524031 -1.087465323207500 
0.213351626665469 1.538442509230223 0.875897067947846 -0.546150130703494 1.308823726256598 0.381336797776552 0.013390715454332 -0.466082256069698 1.229375418821270 0.141910095613770 1.708848390345301 1.100856038661832 
-0.883393921709836 -0.883393921709836 1.766787843419672 -1.236649237973396 -1.236649237973396 2.473298475946789 -2.089251059642041 -0.171359173545918 -2.089251059642041 2.260610233187959 -0.171359173545918 2.260610233187959 
******************************************
Cubature Projection Matrix
6 12
-0.170160122412981 -0.392898857782384 -0.392898857782384 1.133410098368732 0.130817805481561 0.130817805481561 0.353943016094063 0.353943016094063 -0.327466317475288 -0.327466317475287 0.253979365704174 0.253979365704173 
0.208333912169001 0.208333912169001 -0.066308997158865 0.006305039477314 0.006305039477315 0.139924640155993 0.551430093756106 -0.204302816311176 0.551430093756106 -0.098574050589810 -0.204302816311176 -0.098574050589810 
-0.392898857782384 -0.170160122412981 -0.392898857782384 0.130817805481562 1.133410098368729 0.130817805481562 -0.327466317475287 0.253979365704173 0.353943016094062 0.253979365704173 0.353943016094063 -0.327466317475287 
0.208333912169001 -0.066308997158865 0.208333912169001 0.006305039477314 0.139924640155993 0.006305039477315 -0.204302816311176 0.551430093756106 -0.098574050589810 0.551430093756106 -0.098574050589810 -0.204302816311176 
-0.066308997158865 0.208333912169001 0.208333912169001 0.139924640155994 0.006305039477313 0.006305039477313 -0.098574050589810 -0.098574050589810 -0.204302816311176 -0.204302816311176 0.551430093756106 0.551430093756106 
-0.392898857782384 -0.392898857782384 -0.170160122412981 0.130817805481562 0.130817805481562 1.133410098368730 0.253979365704173 -0.327466317475287 0.253979365704173 0.353943016094063 -0.327466317475287 0.353943016094063 
******************************************
Cubature Surface Interpolation Matrix
12 3
0.801346029369931 0.258444252854191 -0.059790282224122 
0.227784076790952 0.884412890002952 -0.112196966793904 
-0.112196966793904 0.884412890002952 0.227784076790952 
-0.059790282224122 0.258444252854191 0.801346029369931 
0.801346029369931 0.258444252854191 -0.059790282224122 
0.227784076790952 0.884412890002952 -0.112196966793904 
-0.112196966793904 0.884412890002952 0.227784076790952 
-0.059790282224122 0.258444252854191 0.801346029369931 
-0.059790282224122 0.258444252854191 0.801346029369931 
-0.112196966793904 0.884412890002952 0.227784076790952 
0.227784076790952 0.884412890002952 -0.112196966793904 
0.801346029369931 0.258444252854191 -0.059790282224122 
******************************************
Cubature Surface Lift Matrix
6 12
4.887716948807508 2.021788765923226 -1.303966088861414 0.394460374130693 1.043564535412364 1.956435464587641 1.956435464587639 1.043564535412363 0.394460374130692 -1.303966088861416 2.021788765923225 4.887716948807506 
0.244802472383995 2.755197527616006 2.755197527616005 0.244802472383995 -0.423167174173509 -1.304209254509174 -0.472770540813013 0.700146969495696 0.700146969495696 -0.472770540813013 -1.304209254509174 -0.423167174173508 
0.394460374130692 -1.303966088861417 2.021788765923226 4.887716948807505 4.887716948807507 2.021788765923226 -1.303966088861416 0.394460374130692 1.043564535412363 1.956435464587638 1.956435464587639 1.043564535412364 
-0.423167174173509 -1.304209254509174 -0.472770540813013 0.700146969495695 0.700146969495695 -0.472770540813013 -1.304209254509173 -0.423167174173509 0.244802472383994 2.755197527616005 2.755197527616005 0.244802472383995 
0.700146969495695 -0.472770540813013 -1.304209254509173 -0.423167174173508 0.244802472383995 2.755197527616006 2.755197527616004 0.244802472383994 -0.423167174173509 -1.304209254509173 -0.472770540813013 0.700146969495695 
1.043564535412363 1.956435464587640 1.956435464587639 1.043564535412363 0.394460374130692 -1.303966088861417 2.021788765923224 4.887716948807506 4.887716948807507 2.021788765923225 -1.303966088861417 0.394460374130691 
