******************************************
Nodal r-coordinates
15 1
-1.000000000000000 
-0.654653670707977 
0.000000000000000 
0.654653670707977 
1.000000000000000 
-1.000000000000000 
-0.551583507555306 
0.103167015110611 
0.654653670707977 
-1.000000000000000 
-0.551583507555306 
0.000000000000000 
-1.000000000000000 
-0.654653670707977 
-1.000000000000000 
******************************************
Nodal s-coordinates
15 1
-1.000000000000000 
-1.000000000000000 
-1.000000000000000 
-1.000000000000000 
-1.000000000000000 
-0.654653670707977 
-0.551583507555306 
-0.551583507555306 
-0.654653670707977 
0.000000000000000 
0.103167015110611 
0.000000000000000 
0.654653670707977 
0.654653670707977 
1.000000000000000 
******************************************
Nodal Dr differentiation matrix
15 15
-4.999999999999999 6.756502488724236 -2.666666666666665 1.410164177942428 -0.500000000000000 -0.000000000000000 0.000000000000001 -0.000000000000000 -0.000000000000002 -0.000000000000001 0.000000000000001 0.000000000000000 -0.000000000000000 -0.000000000000000 0.000000000000000 
-1.240990253030982 -0.000000000000001 1.745743121887939 -0.763762615825973 0.259009746969017 0.000000000000000 -0.000000000000000 0.000000000000000 0.000000000000001 0.000000000000000 -0.000000000000000 -0.000000000000000 0.000000000000000 0.000000000000000 -0.000000000000000 
0.375000000000000 -1.336584577695453 0.000000000000001 1.336584577695454 -0.375000000000000 0.000000000000000 -0.000000000000000 -0.000000000000001 -0.000000000000001 0.000000000000000 0.000000000000000 0.000000000000001 -0.000000000000000 -0.000000000000000 0.000000000000000 
-0.259009746969017 0.763762615825973 -1.745743121887938 -0.000000000000001 1.240990253030983 -0.000000000000000 -0.000000000000000 -0.000000000000001 0.000000000000001 0.000000000000000 0.000000000000001 -0.000000000000001 -0.000000000000000 -0.000000000000000 0.000000000000000 
0.499999999999999 -1.410164177942425 2.666666666666662 -6.756502488724240 5.000000000000000 0.000000000000000 -0.000000000000000 0.000000000000006 0.000000000000003 0.000000000000000 -0.000000000000003 -0.000000000000003 0.000000000000001 0.000000000000002 -0.000000000000001 
-0.985089969064671 2.410138459487758 -2.012532958932446 1.569010545082538 -0.690212510791341 -3.334844906604314 4.745854126443494 -1.764262700058703 0.470287772129709 -0.382517293830797 -0.405522204029217 0.171966263488871 0.263343412378358 0.041485313430591 -0.097103349129831 
0.371019669995841 -0.661277182036352 0.755745350898688 -0.661277182036353 0.319018410667360 -0.889415460346616 -0.203710705556145 1.527299277178653 -0.361530534897948 -0.189940821761877 -0.000000000000000 -0.077207345669218 0.075998483764547 0.030891943879772 -0.035613904080352 
-0.319018410667360 0.661277182036352 -0.755745350898689 0.661277182036353 -0.371019669995841 0.361530534897949 -1.527299277178653 0.203710705556145 0.889415460346615 0.077207345669217 0.000000000000000 0.189940821761878 -0.030891943879772 -0.075998483764547 0.035613904080352 
0.690212510791341 -1.569010545082538 2.012532958932447 -2.410138459487762 0.985089969064672 -0.470287772129710 1.764262700058704 -4.745854126443491 3.334844906604313 -0.171966263488871 0.405522204029216 0.382517293830796 -0.041485313430591 -0.263343412378358 0.097103349129831 
0.513947317981921 -0.388517631968033 -0.610495858513128 1.255574460832307 -0.832871893884847 -1.490459951871575 3.797790432112491 -3.087459725102730 1.255574460832305 -3.196930495855840 3.797790432112493 -0.610495858513129 -0.153875374176122 -0.388517631968033 0.138947317981921 
-0.354632314747712 0.392422478777721 -0.000000000000000 -0.392422478777721 0.354632314747712 0.737275665800899 -1.527299277178652 1.527299277178652 -0.737275665800898 -0.945686172660566 0.000000000000000 0.945686172660566 -0.228138278310263 0.228138278310263 -0.000000000000000 
0.832871893884847 -1.255574460832307 0.610495858513131 0.388517631968032 -0.513947317981920 -1.255574460832306 3.087459725102730 -3.797790432112491 1.490459951871574 0.610495858513130 -3.797790432112494 3.196930495855841 0.388517631968032 0.153875374176122 -0.138947317981920 
-0.356113096098848 0.041485313430592 0.171966263488871 0.470287772129709 -0.690212510791341 1.027106028204332 -0.405522204029219 -1.764262700058701 1.569010545082536 -2.128260415718736 4.745854126443494 -2.012532958932446 -3.334844906604314 2.410138459487761 0.255900283966311 
0.690212510791341 -0.470287772129710 -0.171966263488870 -0.041485313430591 0.356113096098848 -1.569010545082537 1.764262700058703 0.405522204029217 -1.027106028204330 2.012532958932448 -4.745854126443493 2.128260415718733 -2.410138459487762 3.334844906604317 -0.255900283966312 
0.499999999999999 -0.000000000000000 -0.000000000000000 0.000000000000001 -0.500000000000000 -1.410164177942424 -0.000000000000001 -0.000000000000002 1.410164177942426 2.666666666666663 0.000000000000004 -2.666666666666667 -6.756502488724239 6.756502488724241 -0.000000000000002 
******************************************
Nodal Ds differentiation matrix
15 15
-4.999999999999999 -0.000000000000000 -0.000000000000000 0.000000000000001 -0.000000000000001 6.756502488724239 -0.000000000000000 -0.000000000000001 -0.000000000000000 -2.666666666666666 -0.000000000000000 0.000000000000001 1.410164177942427 -0.000000000000001 -0.499999999999999 
-0.985089969064672 -3.334844906604314 -0.382517293830797 0.263343412378359 -0.097103349129831 2.410138459487759 4.745854126443496 -0.405522204029218 0.041485313430591 -2.012532958932447 -1.764262700058705 0.171966263488872 1.569010545082538 0.470287772129709 -0.690212510791341 
0.513947317981920 -1.490459951871574 -3.196930495855841 -0.153875374176122 0.138947317981920 -0.388517631968032 3.797790432112493 3.797790432112492 -0.388517631968031 -0.610495858513131 -3.087459725102732 -0.610495858513129 1.255574460832309 1.255574460832306 -0.832871893884847 
-0.356113096098848 1.027106028204334 -2.128260415718737 -3.334844906604315 0.255900283966311 0.041485313430591 -0.405522204029218 4.745854126443493 2.410138459487762 0.171966263488872 -1.764262700058702 -2.012532958932448 0.470287772129709 1.569010545082538 -0.690212510791341 
0.499999999999997 -1.410164177942425 2.666666666666662 -6.756502488724240 -0.000000000000002 0.000000000000001 -0.000000000000001 0.000000000000007 6.756502488724241 0.000000000000000 -0.000000000000003 -2.666666666666668 0.000000000000001 1.410164177942428 -0.500000000000001 
-1.240990253030982 -0.000000000000000 0.000000000000000 0.000000000000000 0.000000000000000 -0.000000000000001 -0.000000000000000 -0.000000000000001 -0.000000000000000 1.745743121887939 0.000000000000001 0.000000000000000 -0.763762615825974 -0.000000000000000 0.259009746969017 
0.371019669995841 -0.889415460346616 -0.189940821761877 0.075998483764546 -0.035613904080352 -0.661277182036353 -0.203710705556146 -0.000000000000001 0.030891943879772 0.755745350898689 1.527299277178654 -0.077207345669218 -0.661277182036353 -0.361530534897949 0.319018410667360 
-0.354632314747712 0.737275665800899 -0.945686172660566 -0.228138278310263 0.000000000000000 0.392422478777721 -1.527299277178653 0.000000000000000 0.228138278310262 0.000000000000000 1.527299277178654 0.945686172660566 -0.392422478777721 -0.737275665800899 0.354632314747712 
0.690212510791342 -1.569010545082538 2.012532958932448 -2.410138459487762 -0.255900283966312 -0.470287772129710 1.764262700058703 -4.745854126443491 3.334844906604315 -0.171966263488868 0.405522204029217 2.128260415718734 -0.041485313430593 -1.027106028204330 0.356113096098848 
0.375000000000000 0.000000000000000 0.000000000000000 -0.000000000000000 0.000000000000000 -1.336584577695453 -0.000000000000000 -0.000000000000000 0.000000000000000 0.000000000000001 -0.000000000000001 0.000000000000000 1.336584577695454 -0.000000000000000 -0.375000000000000 
-0.319018410667360 0.361530534897948 0.077207345669217 -0.030891943879772 0.035613904080352 0.661277182036353 -1.527299277178652 -0.000000000000000 -0.075998483764547 -0.755745350898689 0.203710705556145 0.189940821761878 0.661277182036353 0.889415460346615 -0.371019669995841 
0.832871893884847 -1.255574460832307 0.610495858513131 0.388517631968032 -0.138947317981920 -1.255574460832306 3.087459725102728 -3.797790432112490 0.153875374176120 0.610495858513130 -3.797790432112492 3.196930495855840 0.388517631968032 1.490459951871575 -0.513947317981920 
-0.259009746969017 0.000000000000000 0.000000000000000 0.000000000000000 -0.000000000000000 0.763762615825973 -0.000000000000001 0.000000000000000 0.000000000000000 -1.745743121887938 -0.000000000000001 -0.000000000000000 -0.000000000000000 0.000000000000001 1.240990253030983 
0.690212510791342 -0.470287772129710 -0.171966263488871 -0.041485313430591 0.097103349129830 -1.569010545082537 1.764262700058703 0.405522204029217 -0.263343412378357 2.012532958932447 -4.745854126443494 0.382517293830796 -2.410138459487761 3.334844906604316 0.985089969064671 
0.499999999999999 0.000000000000000 0.000000000000000 0.000000000000000 -0.000000000000000 -1.410164177942426 -0.000000000000001 -0.000000000000000 0.000000000000001 2.666666666666663 0.000000000000003 -0.000000000000002 -6.756502488724239 0.000000000000001 4.999999999999998 
******************************************
Nodal Mass Matrix
15 15
0.010724285141018 -0.006465191547500 0.002854839819725 0.000217402352307 -0.000452909263349 -0.006465191547500 0.006734296192610 -0.000694800974310 -0.003205164385363 0.002854839819725 -0.000694800974310 -0.006853800707405 0.000217402352307 -0.003205164385363 -0.000452909263349 
-0.006465191547500 0.062801140883935 -0.008464255262476 0.001425768560505 0.000217402352307 0.028416056476082 0.013836895519887 -0.002986594309590 0.008189533341585 -0.015243832167610 -0.007424001994335 0.011475585846287 0.008189533341585 0.003968012160146 -0.003205164385363 
0.002854839819725 -0.008464255262476 0.082044998534657 -0.008464255262476 0.002854839819725 -0.015243832167610 0.036781249416058 0.036781249416058 -0.015243832167610 -0.009747408424479 -0.029133678908819 -0.009747408424479 0.011475585846287 0.011475585846287 -0.006853800707405 
0.000217402352307 0.001425768560505 -0.008464255262476 0.062801140883935 -0.006465191547500 0.008189533341585 -0.002986594309590 0.013836895519887 0.028416056476082 0.011475585846287 -0.007424001994335 -0.015243832167610 0.003968012160146 0.008189533341585 -0.003205164385363 
-0.000452909263349 0.000217402352307 0.002854839819725 -0.006465191547500 0.010724285141018 -0.003205164385363 -0.000694800974310 0.006734296192610 -0.006465191547500 -0.006853800707405 -0.000694800974310 0.002854839819725 -0.003205164385363 0.000217402352307 -0.000452909263349 
-0.006465191547500 0.028416056476082 -0.015243832167610 0.008189533341585 -0.003205164385363 0.062801140883935 0.013836895519887 -0.007424001994335 0.003968012160146 -0.008464255262476 -0.002986594309590 0.011475585846287 0.001425768560505 0.008189533341585 0.000217402352307 
0.006734296192610 0.013836895519887 0.036781249416058 -0.002986594309590 -0.000694800974310 0.013836895519887 0.328739284582416 0.007678240925731 -0.007424001994335 0.036781249416058 0.007678240925731 -0.029133678908819 -0.002986594309590 -0.007424001994335 -0.000694800974310 
-0.000694800974310 -0.002986594309590 0.036781249416058 0.013836895519887 0.006734296192610 -0.007424001994335 0.007678240925731 0.328739284582416 0.013836895519887 -0.029133678908819 0.007678240925731 0.036781249416058 -0.007424001994335 -0.002986594309590 -0.000694800974310 
-0.003205164385363 0.008189533341585 -0.015243832167610 0.028416056476082 -0.006465191547500 0.003968012160146 -0.007424001994335 0.013836895519887 0.062801140883935 0.011475585846287 -0.002986594309590 -0.008464255262476 0.008189533341585 0.001425768560505 0.000217402352307 
0.002854839819725 -0.015243832167610 -0.009747408424479 0.011475585846287 -0.006853800707405 -0.008464255262476 0.036781249416058 -0.029133678908819 0.011475585846287 0.082044998534657 0.036781249416058 -0.009747408424479 -0.008464255262476 -0.015243832167610 0.002854839819725 
-0.000694800974310 -0.007424001994335 -0.029133678908819 -0.007424001994335 -0.000694800974310 -0.002986594309590 0.007678240925731 0.007678240925731 -0.002986594309590 0.036781249416058 0.328739284582416 0.036781249416058 0.013836895519887 0.013836895519887 0.006734296192610 
-0.006853800707405 0.011475585846287 -0.009747408424479 -0.015243832167610 0.002854839819725 0.011475585846287 -0.029133678908819 0.036781249416058 -0.008464255262476 -0.009747408424479 0.036781249416058 0.082044998534657 -0.015243832167610 -0.008464255262476 0.002854839819725 
0.000217402352307 0.008189533341585 0.011475585846287 0.003968012160146 -0.003205164385363 0.001425768560505 -0.002986594309590 -0.007424001994335 0.008189533341585 -0.008464255262476 0.013836895519887 -0.015243832167610 0.062801140883935 0.028416056476082 -0.006465191547500 
-0.003205164385363 0.003968012160146 0.011475585846287 0.008189533341585 0.000217402352307 0.008189533341585 -0.007424001994335 -0.002986594309590 0.001425768560505 -0.015243832167610 0.013836895519887 -0.008464255262476 0.028416056476082 0.062801140883935 -0.006465191547500 
-0.000452909263349 -0.003205164385363 -0.006853800707405 -0.003205164385363 -0.000452909263349 0.000217402352307 -0.000694800974310 -0.000694800974310 0.000217402352307 0.002854839819725 0.006734296192610 0.002854839819725 -0.006465191547500 -0.006465191547500 0.010724285141018 
******************************************
Nodal Face nodes
3 5
0 1 2 3 4 
4 8 11 13 14 
0 5 9 12 14 
******************************************
Nodal Lift Matrix
15 15
10.000000000000000 6.756502488724246 -2.666666666666663 1.410164177942432 -0.500000000000000 0.750000000000002 4.083333333333343 5.333333333333345 4.083333333333337 0.750000000000000 10.000000000000000 6.756502488724258 -2.666666666666669 1.410164177942428 -0.500000000000001 
1.240990253030983 11.666666666666673 2.666666666666673 -0.833333333333327 0.259009746969019 -0.277815782689410 -1.890264240320813 -1.974788681208872 1.251122805306091 0.748888756055857 0.119652517383286 -3.167789471972759 1.267305688011592 -0.526402426345857 0.164376550066592 
-0.374999999999999 2.041666666666672 11.666666666666675 2.041666666666666 -0.374999999999999 0.015625000000001 2.348220460997917 0.166666666666666 -1.327387127664582 0.671875000000000 0.015625000000001 2.348220460997916 0.166666666666666 -1.327387127664580 0.671875000000000 
0.259009746969017 -0.833333333333326 2.666666666666662 11.666666666666647 1.240990253030981 0.119652517383289 -3.167789471972756 1.267305688011586 -0.526402426345855 0.164376550066591 -0.277815782689411 -1.890264240320812 -1.974788681208867 1.251122805306087 0.748888756055856 
-0.499999999999999 1.410164177942437 -2.666666666666663 6.756502488724237 10.000000000000002 10.000000000000000 6.756502488724255 -2.666666666666667 1.410164177942425 -0.500000000000001 0.750000000000002 4.083333333333345 5.333333333333341 4.083333333333331 0.750000000000000 
0.119652517383288 -3.167789471972758 1.267305688011590 -0.526402426345859 0.164376550066592 0.748888756055858 1.251122805306089 -1.974788681208872 -1.890264240320811 -0.277815782689411 1.240990253030986 11.666666666666677 2.666666666666671 -0.833333333333332 0.259009746969017 
-0.139460375758513 -1.112494223207196 -1.420296491821500 0.202494419842011 0.003074537195243 -0.085627286948302 0.259579971911873 1.252165018623973 0.259579971911871 -0.085627286948301 -0.139460375758513 -1.112494223207197 -1.420296491821502 0.202494419842012 0.003074537195244 
0.003074537195244 0.202494419842011 -1.420296491821500 -1.112494223207192 -0.139460375758513 -0.139460375758513 -1.112494223207197 -1.420296491821502 0.202494419842013 0.003074537195244 -0.085627286948301 0.259579971911873 1.252165018623973 0.259579971911871 -0.085627286948301 
0.164376550066592 -0.526402426345860 1.267305688011589 -3.167789471972753 0.119652517383291 1.240990253030985 11.666666666666680 2.666666666666671 -0.833333333333333 0.259009746969017 0.748888756055858 1.251122805306090 -1.974788681208871 -1.890264240320808 -0.277815782689412 
0.015625000000000 2.348220460997917 0.166666666666666 -1.327387127664579 0.671875000000001 0.671875000000001 -1.327387127664584 0.166666666666666 2.348220460997918 0.015625000000000 -0.375000000000000 2.041666666666671 11.666666666666675 2.041666666666665 -0.375000000000000 
-0.085627286948301 0.259579971911872 1.252165018623972 0.259579971911871 -0.085627286948301 0.003074537195244 0.202494419842012 -1.420296491821501 -1.112494223207195 -0.139460375758513 0.003074537195244 0.202494419842012 -1.420296491821500 -1.112494223207194 -0.139460375758513 
0.671875000000000 -1.327387127664582 0.166666666666666 2.348220460997911 0.015624999999999 -0.375000000000000 2.041666666666670 11.666666666666677 2.041666666666667 -0.375000000000000 0.671875000000000 -1.327387127664583 0.166666666666665 2.348220460997914 0.015625000000000 
-0.277815782689411 -1.890264240320809 -1.974788681208868 1.251122805306086 0.748888756055855 0.164376550066591 -0.526402426345857 1.267305688011589 -3.167789471972754 0.119652517383289 0.259009746969016 -0.833333333333330 2.666666666666662 11.666666666666655 1.240990253030984 
0.748888756055857 1.251122805306091 -1.974788681208869 -1.890264240320806 -0.277815782689411 0.259009746969017 -0.833333333333333 2.666666666666667 11.666666666666673 1.240990253030984 0.164376550066591 -0.526402426345859 1.267305688011593 -3.167789471972753 0.119652517383289 
0.750000000000000 4.083333333333343 5.333333333333339 4.083333333333328 0.750000000000000 -0.500000000000001 1.410164177942425 -2.666666666666665 6.756502488724247 9.999999999999996 -0.500000000000000 1.410164177942425 -2.666666666666667 6.756502488724251 9.999999999999996 
******************************************
Plotting r-coordinates
45 1
-1.000000000000000 
-0.750000000000000 
-0.500000000000000 
-0.250000000000000 
0.000000000000000 
0.250000000000000 
0.500000000000000 
0.750000000000000 
1.000000000000000 
-1.000000000000000 
-0.750000000000000 
-0.500000000000000 
-0.250000000000000 
0.000000000000000 
0.250000000000000 
0.500000000000000 
0.750000000000000 
-1.000000000000000 
-0.750000000000000 
-0.500000000000000 
-0.250000000000000 
0.000000000000000 
0.250000000000000 
0.500000000000000 
-1.000000000000000 
-0.750000000000000 
-0.500000000000000 
-0.250000000000000 
0.000000000000000 
0.250000000000000 
-1.000000000000000 
-0.750000000000000 
-0.500000000000000 
-0.250000000000000 
0.000000000000000 
-1.000000000000000 
-0.750000000000000 
-0.500000000000000 
-0.250000000000000 
-1.000000000000000 
-0.750000000000000 
-0.500000000000000 
-1.000000000000000 
-0.750000000000000 
-1.000000000000000 
******************************************
Plotting s-coordinates
45 1
-1.000000000000000 
-1.000000000000000 
-1.000000000000000 
-1.000000000000000 
-1.000000000000000 
-1.000000000000000 
-1.000000000000000 
-1.000000000000000 
-1.000000000000000 
-0.750000000000000 
-0.750000000000000 
-0.750000000000000 
-0.750000000000000 
-0.750000000000000 
-0.750000000000000 
-0.750000000000000 
-0.750000000000000 
-0.500000000000000 
-0.500000000000000 
-0.500000000000000 
-0.500000000000000 
-0.500000000000000 
-0.500000000000000 
-0.500000000000000 
-0.250000000000000 
-0.250000000000000 
-0.250000000000000 
-0.250000000000000 
-0.250000000000000 
-0.250000000000000 
0.000000000000000 
0.000000000000000 
0.000000000000000 
0.000000000000000 
0.000000000000000 
0.250000000000000 
0.250000000000000 
0.250000000000000 
0.250000000000000 
0.500000000000000 
0.500000000000000 
0.500000000000000 
0.750000000000000 
0.750000000000000 
1.000000000000000 
******************************************
Plotting Interpolation Matrix
45 15
1.000000000000000 0.000000000000000 0.000000000000000 0.000000000000000 0.000000000000000 0.000000000000000 0.000000000000000 0.000000000000000 0.000000000000000 0.000000000000000 0.000000000000000 0.000000000000000 0.000000000000000 0.000000000000000 0.000000000000000 
0.153808593750000 0.941008220806321 -0.136718750000000 0.063874591693679 -0.021972656250000 -0.000000000000000 0.000000000000000 0.000000000000000 -0.000000000000000 -0.000000000000000 0.000000000000000 -0.000000000000000 -0.000000000000000 -0.000000000000000 0.000000000000000 
-0.117187500000000 0.884031716635795 0.312500000000000 -0.118406716635795 0.039062500000000 -0.000000000000000 0.000000000000000 0.000000000000000 -0.000000000000000 -0.000000000000000 -0.000000000000000 -0.000000000000000 0.000000000000000 0.000000000000000 -0.000000000000000 
-0.100097656250000 0.432890916647372 0.800781250000000 -0.193633104147372 0.060058593750000 0.000000000000000 -0.000000000000000 0.000000000000000 0.000000000000000 0.000000000000000 -0.000000000000000 -0.000000000000000 0.000000000000000 0.000000000000000 -0.000000000000000 
0.000000000000000 0.000000000000000 1.000000000000000 0.000000000000000 0.000000000000000 0.000000000000000 0.000000000000000 0.000000000000000 0.000000000000000 0.000000000000000 0.000000000000000 0.000000000000000 0.000000000000000 0.000000000000000 0.000000000000000 
0.060058593750000 -0.193633104147372 0.800781250000000 0.432890916647372 -0.100097656250000 0.000000000000000 -0.000000000000000 -0.000000000000000 -0.000000000000000 0.000000000000000 0.000000000000000 0.000000000000000 -0.000000000000000 -0.000000000000000 0.000000000000000 
0.039062500000000 -0.118406716635795 0.312500000000000 0.884031716635795 -0.117187500000000 0.000000000000000 -0.000000000000000 -0.000000000000001 -0.000000000000000 0.000000000000000 0.000000000000000 0.000000000000000 -0.000000000000000 -0.000000000000000 0.000000000000000 
-0.021972656250000 0.063874591693679 -0.136718750000000 0.941008220806321 0.153808593750000 -0.000000000000000 0.000000000000000 -0.000000000000001 -0.000000000000000 -0.000000000000000 0.000000000000000 0.000000000000000 -0.000000000000000 -0.000000000000000 0.000000000000000 
0.000000000000000 0.000000000000000 0.000000000000000 0.000000000000000 1.000000000000000 0.000000000000000 0.000000000000000 0.000000000000000 0.000000000000000 0.000000000000000 0.000000000000000 0.000000000000000 0.000000000000000 0.000000000000000 0.000000000000000 
0.153808593750000 -0.000000000000000 -0.000000000000000 0.000000000000000 -0.000000000000000 0.941008220806321 0.000000000000000 0.000000000000000 -0.000000000000000 -0.136718750000000 0.000000000000000 0.000000000000000 0.063874591693679 -0.000000000000000 -0.021972656250000 
-0.082044663382940 0.378074520142398 -0.145342672173765 0.100848546671380 -0.042121133523577 0.378074520142398 0.678788954130010 -0.128076298668649 0.027726698733762 -0.145342672173765 -0.128076298668649 0.021036386889834 0.100848546671380 0.027726698733762 -0.042121133523577 
-0.059956699851779 0.218705125746991 0.122345546377058 -0.058520847724028 0.023912142507584 0.065242440336204 0.862359839283797 0.055494586485138 -0.016245889413483 -0.121673933935076 -0.213460497781082 0.005642625128523 0.113290489571342 0.058418524974775 -0.055553451705962 
0.026052622121610 -0.039850488492019 0.365564655652469 -0.150740877880426 0.063994690315355 -0.061848200160010 0.712085706021092 0.389339604901629 -0.067557582893990 -0.079457097096651 -0.256152597337299 -0.032436723471212 0.106699848310563 0.086576050806042 -0.062269610797154 
0.063994690315355 -0.150740877880426 0.365564655652469 -0.039850488492019 0.026052622121610 -0.067557582893990 0.389339604901629 0.712085706021092 -0.061848200160010 -0.032436723471212 -0.256152597337299 -0.079457097096651 0.086576050806042 0.106699848310563 -0.062269610797154 
0.023912142507584 -0.058520847724028 0.122345546377058 0.218705125746991 -0.059956699851779 -0.016245889413483 0.055494586485138 0.862359839283796 0.065242440336203 0.005642625128523 -0.213460497781082 -0.121673933935076 0.058418524974775 0.113290489571342 -0.055553451705962 
-0.042121133523577 0.100848546671380 -0.145342672173765 0.378074520142398 -0.082044663382940 0.027726698733762 -0.128076298668649 0.678788954130010 0.378074520142398 0.021036386889833 -0.128076298668649 -0.145342672173765 0.027726698733762 0.100848546671380 -0.042121133523577 
0.000000000000000 0.000000000000000 -0.000000000000000 0.000000000000000 0.153808593750000 0.000000000000000 -0.000000000000000 0.000000000000000 0.941008220806321 -0.000000000000000 -0.000000000000000 -0.136718750000000 0.000000000000000 0.063874591693679 -0.021972656250000 
-0.117187500000000 -0.000000000000000 -0.000000000000000 0.000000000000000 -0.000000000000000 0.884031716635795 0.000000000000000 0.000000000000000 -0.000000000000000 0.312500000000000 0.000000000000000 -0.000000000000000 -0.118406716635795 -0.000000000000000 0.039062500000000 
-0.059956699851779 0.065242440336203 -0.121673933935076 0.113290489571342 -0.055553451705962 0.218705125746991 0.862359839283796 -0.213460497781082 0.058418524974775 0.122345546377058 0.055494586485138 0.005642625128523 -0.058520847724028 -0.016245889413484 0.023912142507584 
0.034736829495480 -0.067799125768019 0.024071705703879 -0.029360686379908 0.014821928012134 -0.067799125768019 0.949447608028123 0.088791338376220 -0.019222063058632 0.024071705703879 0.088791338376220 -0.006790631294949 -0.029360686379908 -0.019222063058632 0.014821928012134 
0.065962738598033 -0.126429738083209 0.109111918916863 -0.126429738083209 0.065962738598033 -0.104201401004729 0.584009407352443 0.584009407352444 -0.104201401004728 -0.009810645644977 0.099890255673248 -0.009810645644977 -0.019927376769442 -0.019927376769442 0.011791856513651 
0.014821928012134 -0.029360686379908 0.024071705703878 -0.067799125768019 0.034736829495480 -0.019222063058632 0.088791338376220 0.949447608028123 -0.067799125768019 -0.006790631294949 0.088791338376220 0.024071705703878 -0.019222063058632 -0.029360686379908 0.014821928012134 
-0.055553451705962 0.113290489571342 -0.121673933935076 0.065242440336204 -0.059956699851779 0.058418524974775 -0.213460497781082 0.862359839283797 0.218705125746991 0.005642625128523 0.055494586485138 0.122345546377058 -0.016245889413484 -0.058520847724028 0.023912142507584 
-0.000000000000000 -0.000000000000000 -0.000000000000000 0.000000000000000 -0.117187500000000 0.000000000000000 -0.000000000000000 0.000000000000000 0.884031716635795 -0.000000000000000 -0.000000000000000 0.312500000000000 -0.000000000000000 -0.118406716635795 0.039062500000000 
-0.100097656250000 -0.000000000000000 0.000000000000000 -0.000000000000000 0.000000000000000 0.432890916647372 -0.000000000000000 -0.000000000000000 0.000000000000000 0.800781250000000 0.000000000000000 -0.000000000000000 -0.193633104147372 0.000000000000000 0.060058593750000 
0.026052622121610 -0.061848200160010 -0.079457097096651 0.106699848310563 -0.062269610797154 -0.039850488492019 0.712085706021093 -0.256152597337299 0.086576050806041 0.365564655652469 0.389339604901629 -0.032436723471212 -0.150740877880426 -0.067557582893990 0.063994690315355 
0.065962738598033 -0.104201401004729 -0.009810645644977 -0.019927376769442 0.011791856513651 -0.126429738083209 0.584009407352443 0.099890255673248 -0.019927376769442 0.109111918916863 0.584009407352443 -0.009810645644977 -0.126429738083209 -0.104201401004729 0.065962738598033 
0.011791856513651 -0.019927376769442 -0.009810645644977 -0.104201401004729 0.065962738598033 -0.019927376769442 0.099890255673248 0.584009407352443 -0.126429738083209 -0.009810645644977 0.584009407352443 0.109111918916863 -0.104201401004729 -0.126429738083209 0.065962738598033 
-0.062269610797154 0.106699848310563 -0.079457097096651 -0.061848200160010 0.026052622121610 0.086576050806042 -0.256152597337298 0.712085706021092 -0.039850488492018 -0.032436723471212 0.389339604901629 0.365564655652470 -0.067557582893990 -0.150740877880426 0.063994690315355 
0.000000000000000 -0.000000000000000 0.000000000000000 0.000000000000000 -0.100097656250000 -0.000000000000000 -0.000000000000000 -0.000000000000000 0.432890916647372 0.000000000000000 0.000000000000000 0.800781250000000 -0.000000000000000 -0.193633104147372 0.060058593750000 
-0.000000000000000 -0.000000000000000 0.000000000000000 -0.000000000000000 0.000000000000000 0.000000000000000 0.000000000000000 0.000000000000000 0.000000000000000 1.000000000000000 -0.000000000000000 -0.000000000000000 0.000000000000000 0.000000000000000 -0.000000000000000 
0.063994690315355 -0.067557582893990 -0.032436723471212 0.086576050806042 -0.062269610797154 -0.150740877880426 0.389339604901628 -0.256152597337298 0.106699848310563 0.365564655652469 0.712085706021093 -0.079457097096651 -0.039850488492019 -0.061848200160010 0.026052622121610 
0.014821928012134 -0.019222063058632 -0.006790631294949 -0.019222063058632 0.014821928012134 -0.029360686379909 0.088791338376220 0.088791338376220 -0.029360686379909 0.024071705703879 0.949447608028123 0.024071705703879 -0.067799125768019 -0.067799125768019 0.034736829495480 
-0.062269610797154 0.086576050806042 -0.032436723471212 -0.067557582893990 0.063994690315355 0.106699848310563 -0.256152597337298 0.389339604901629 -0.150740877880426 -0.079457097096652 0.712085706021093 0.365564655652469 -0.061848200160010 -0.039850488492019 0.026052622121610 
-0.000000000000000 -0.000000000000000 0.000000000000000 0.000000000000000 -0.000000000000000 0.000000000000000 -0.000000000000000 0.000000000000000 -0.000000000000000 0.000000000000000 0.000000000000000 1.000000000000000 -0.000000000000000 0.000000000000000 -0.000000000000000 
0.060058593750000 0.000000000000000 0.000000000000000 0.000000000000000 0.000000000000000 -0.193633104147372 -0.000000000000000 -0.000000000000000 -0.000000000000000 0.800781250000000 -0.000000000000000 0.000000000000000 0.432890916647372 -0.000000000000000 -0.100097656250000 
0.023912142507584 -0.016245889413484 0.005642625128523 0.058418524974775 -0.055553451705962 -0.058520847724028 0.055494586485138 -0.213460497781082 0.113290489571342 0.122345546377058 0.862359839283797 -0.121673933935076 0.218705125746991 0.065242440336203 -0.059956699851779 
-0.055553451705962 0.058418524974775 0.005642625128523 -0.016245889413484 0.023912142507584 0.113290489571342 -0.213460497781082 0.055494586485137 -0.058520847724028 -0.121673933935076 0.862359839283797 0.122345546377058 0.065242440336203 0.218705125746990 -0.059956699851779 
-0.000000000000000 -0.000000000000000 0.000000000000000 0.000000000000000 0.060058593750000 -0.000000000000000 -0.000000000000000 -0.000000000000000 -0.193633104147372 0.000000000000000 0.000000000000000 0.800781250000000 0.000000000000000 0.432890916647372 -0.100097656250000 
0.039062500000000 -0.000000000000000 0.000000000000000 -0.000000000000000 0.000000000000000 -0.118406716635795 0.000000000000000 0.000000000000000 -0.000000000000000 0.312500000000000 -0.000000000000000 0.000000000000000 0.884031716635795 -0.000000000000000 -0.117187500000000 
-0.042121133523577 0.027726698733762 0.021036386889834 0.027726698733762 -0.042121133523577 0.100848546671380 -0.128076298668649 -0.128076298668649 0.100848546671380 -0.145342672173765 0.678788954130010 -0.145342672173765 0.378074520142398 0.378074520142398 -0.082044663382940 
-0.000000000000000 -0.000000000000000 -0.000000000000000 0.000000000000000 0.039062500000000 0.000000000000000 -0.000000000000000 -0.000000000000000 -0.118406716635795 -0.000000000000000 0.000000000000000 0.312500000000000 0.000000000000000 0.884031716635795 -0.117187500000000 
-0.021972656250000 -0.000000000000000 0.000000000000000 -0.000000000000000 0.000000000000000 0.063874591693679 0.000000000000000 0.000000000000000 -0.000000000000000 -0.136718750000000 -0.000000000000000 0.000000000000000 0.941008220806321 -0.000000000000000 0.153808593750000 
0.000000000000000 -0.000000000000000 -0.000000000000000 0.000000000000000 -0.021972656250000 0.000000000000000 -0.000000000000000 -0.000000000000000 0.063874591693679 -0.000000000000000 0.000000000000000 -0.136718750000000 0.000000000000000 0.941008220806321 0.153808593750000 
0.000000000000000 0.000000000000000 0.000000000000000 0.000000000000000 0.000000000000000 0.000000000000000 0.000000000000000 0.000000000000000 0.000000000000000 0.000000000000000 0.000000000000000 0.000000000000000 0.000000000000000 0.000000000000000 1.000000000000000 
******************************************
Plotting triangulation
64 3
11 3 12 
32 37 36 
10 1 2 
25 19 26 
24 18 25 
31 32 36 
20 12 13 
26 20 27 
33 34 38 
14 21 13 
10 18 17 
27 20 21 
16 23 15 
9 0 1 
10 2 11 
11 12 19 
3 4 12 
13 12 4 
19 18 11 
25 26 31 
17 9 10 
2 3 11 
1 10 9 
11 18 10 
19 25 18 
26 32 31 
20 19 12 
20 26 19 
18 24 17 
25 30 24 
36 40 39 
40 41 43 
30 31 35 
30 25 31 
36 37 40 
35 36 39 
35 31 36 
33 27 28 
32 26 27 
39 40 42 
37 41 40 
42 43 44 
42 40 43 
32 33 37 
32 27 33 
37 38 41 
37 33 38 
33 28 34 
28 29 34 
21 20 13 
28 22 29 
22 23 29 
22 14 15 
28 21 22 
28 27 21 
21 14 22 
13 4 5 
14 13 5 
16 15 7 
14 5 6 
22 15 23 
14 6 15 
16 7 8 
15 6 7 
******************************************
Cubature r-coordinates
36 1
-0.115127288420454 
-0.769745423159092 
-0.115127288420454 
-0.241326933740970 
-0.517346132518060 
-0.241326933740970 
-0.773435586772427 
0.546871173544855 
-0.773435586772427 
-0.550360151853422 
0.100720303706844 
-0.550360151853422 
-0.949850839686919 
0.899701679373837 
-0.949850839686919 
-0.023247583079632 
-0.953504833840737 
-0.023247583079632 
0.701114686742190 
-0.956341185792092 
-0.744773500950097 
-0.956341185792092 
-0.744773500950097 
0.701114686742189 
0.280974603820889 
-0.820754518409649 
-0.460220085411240 
-0.820754518409649 
-0.460220085411240 
0.280974603820889 
0.380092839755442 
-0.412599349012509 
-0.967493490742933 
-0.412599349012509 
-0.967493490742933 
0.380092839755442 
******************************************
Cubature s-coordinates
36 1
-0.115127288420454 
-0.115127288420454 
-0.769745423159092 
-0.241326933740970 
-0.241326933740970 
-0.517346132518060 
-0.773435586772427 
-0.773435586772427 
0.546871173544855 
-0.550360151853422 
-0.550360151853422 
0.100720303706844 
-0.949850839686919 
-0.949850839686919 
0.899701679373837 
-0.023247583079632 
-0.023247583079632 
-0.953504833840737 
-0.956341185792092 
0.701114686742190 
-0.956341185792092 
-0.744773500950097 
0.701114686742189 
-0.744773500950097 
-0.820754518409649 
0.280974603820889 
-0.820754518409649 
-0.460220085411240 
0.280974603820889 
-0.460220085411240 
-0.412599349012509 
0.380092839755442 
-0.412599349012509 
-0.967493490742933 
0.380092839755442 
-0.967493490742933 
******************************************
Cubature weights
36 1
0.088694050812375 
0.088694050812375 
0.088694050812375 
0.083486638970495 
0.083486638970495 
0.083486638970495 
0.061949370456958 
0.061949370456958 
0.061949370456958 
0.096926744607805 
0.096926744607805 
0.096926744607805 
0.016284715813394 
0.016284715813394 
0.016284715813394 
0.047730162209543 
0.047730162209543 
0.047730162209543 
0.030740478172077 
0.030740478172077 
0.030740478172077 
0.030740478172077 
0.030740478172077 
0.030740478172077 
0.073364295183933 
0.073364295183933 
0.073364295183933 
0.073364295183933 
0.073364295183933 
0.073364295183933 
0.031692718542038 
0.031692718542038 
0.031692718542038 
0.031692718542038 
0.031692718542038 
0.031692718542038 
******************************************
Cubature Interpolation Matrix
36 15
-0.065850602283795 0.101989919322974 -0.056651311448566 -0.071523337154686 0.052278430251063 0.101989919322973 -0.270812395053792 0.541789128101974 -0.117289647563716 -0.056651311448566 0.541789128101975 0.435476634319502 -0.071523337154686 -0.117289647563716 0.052278430251063 
0.052278430251063 -0.071523337154686 -0.056651311448566 0.101989919322973 -0.065850602283795 -0.117289647563717 0.541789128101975 -0.270812395053792 0.101989919322973 0.435476634319502 0.541789128101975 -0.056651311448566 -0.117289647563716 -0.071523337154686 0.052278430251063 
0.052278430251063 -0.117289647563716 0.435476634319502 -0.117289647563717 0.052278430251063 -0.071523337154686 0.541789128101974 0.541789128101975 -0.071523337154686 -0.056651311448566 -0.270812395053793 -0.056651311448566 0.101989919322974 0.101989919322974 -0.065850602283795 
0.005949274962437 -0.010351909411453 -0.013875704893971 -0.103820481582236 0.066296842985877 -0.010351909411453 0.065488539831290 0.593452330094122 -0.128473996675520 -0.013875704893971 0.593452330094122 0.122108024172633 -0.103820481582235 -0.128473996675520 0.066296842985877 
0.066296842985877 -0.103820481582235 -0.013875704893971 -0.010351909411453 0.005949274962438 -0.128473996675520 0.593452330094122 0.065488539831290 -0.010351909411453 0.122108024172633 0.593452330094122 -0.013875704893971 -0.128473996675520 -0.103820481582235 0.066296842985877 
0.066296842985877 -0.128473996675520 0.122108024172633 -0.128473996675520 0.066296842985877 -0.103820481582236 0.593452330094122 0.593452330094122 -0.103820481582235 -0.013875704893971 0.065488539831290 -0.013875704893971 -0.010351909411453 -0.010351909411453 0.005949274962438 
-0.064337185063875 0.412948751344246 -0.159312316423120 0.106964509667554 -0.043952429964494 0.412948751344247 0.600536495727750 -0.121288818296562 0.026257305681383 -0.159312316423120 -0.121288818296562 0.020566685318110 0.106964509667554 0.026257305681383 -0.043952429964493 
-0.043952429964494 0.106964509667554 -0.159312316423121 0.412948751344246 -0.064337185063874 0.026257305681383 -0.121288818296562 0.600536495727747 0.412948751344248 0.020566685318110 -0.121288818296562 -0.159312316423120 0.026257305681383 0.106964509667554 -0.043952429964493 
-0.043952429964493 0.026257305681383 0.020566685318110 0.026257305681383 -0.043952429964493 0.106964509667554 -0.121288818296562 -0.121288818296561 0.106964509667554 -0.159312316423121 0.600536495727748 -0.159312316423120 0.412948751344246 0.412948751344248 -0.064337185063874 
0.000906448134891 -0.001890738833608 0.000689506945866 -0.000715722110756 0.000346904754975 -0.001890738833608 0.999484819367584 0.001874472341888 -0.000405796626297 0.000689506945866 0.001874472341888 -0.000188520446613 -0.000715722110756 -0.000405796626297 0.000346904754975 
0.000346904754975 -0.000715722110756 0.000689506945866 -0.001890738833608 0.000906448134892 -0.000405796626297 0.001874472341889 0.999484819367584 -0.001890738833608 -0.000188520446613 0.001874472341889 0.000689506945866 -0.000405796626297 -0.000715722110756 0.000346904754975 
0.000346904754975 -0.000405796626297 -0.000188520446613 -0.000405796626297 0.000346904754975 -0.000715722110756 0.001874472341889 0.001874472341889 -0.000715722110756 0.000689506945866 0.999484819367584 0.000689506945866 -0.001890738833608 -0.001890738833608 0.000906448134892 
0.572322750231909 0.267181013704565 -0.105054891409808 0.058008173471148 -0.021218799485449 0.267181013704565 0.047740308853675 -0.013101081450796 0.002836197971433 -0.105054891409808 -0.013101081450796 0.002635715312230 0.058008173471148 0.002836197971433 -0.021218799485449 
-0.021218799485449 0.058008173471148 -0.105054891409810 0.267181013704570 0.572322750231905 0.002836197971433 -0.013101081450796 0.047740308853676 0.267181013704565 0.002635715312230 -0.013101081450796 -0.105054891409808 0.002836197971433 0.058008173471148 -0.021218799485449 
-0.021218799485449 0.002836197971433 0.002635715312230 0.002836197971433 -0.021218799485449 0.058008173471149 -0.013101081450796 -0.013101081450796 0.058008173471148 -0.105054891409810 0.047740308853675 -0.105054891409808 0.267181013704570 0.267181013704565 0.572322750231905 
-0.032435879895832 0.049145664719179 -0.024280724175564 -0.017384771739389 0.014181377491920 0.049145664719179 -0.122754541300732 0.161364002903522 -0.034933013691744 -0.024280724175564 0.161364002903522 0.859005350180716 -0.017384771739389 -0.034933013691744 0.014181377491920 
0.014181377491920 -0.017384771739388 -0.024280724175564 0.049145664719178 -0.032435879895831 -0.034933013691743 0.161364002903519 -0.122754541300730 0.049145664719178 0.859005350180719 0.161364002903519 -0.024280724175564 -0.034933013691744 -0.017384771739388 0.014181377491920 
0.014181377491920 -0.034933013691743 0.859005350180719 -0.034933013691744 0.014181377491920 -0.017384771739389 0.161364002903519 0.161364002903519 -0.017384771739388 -0.024280724175564 -0.122754541300731 -0.024280724175564 0.049145664719178 0.049145664719178 -0.032435879895831 
-0.025003371727504 0.069641601708949 -0.135981065953798 0.827004509615630 0.074640449891287 0.004300520631627 -0.025213645635632 0.163492362126998 0.127602253516715 0.006927788528736 -0.052825803697340 -0.080731917483406 0.013103067632810 0.056718452002550 -0.023675201157622 
-0.025003371727503 0.004300520631627 0.006927788528736 0.013103067632810 -0.023675201157622 0.069641601708949 -0.025213645635633 -0.052825803697340 0.056718452002551 -0.135981065953797 0.163492362126998 -0.080731917483406 0.827004509615629 0.127602253516715 0.074640449891287 
0.074640449891286 0.827004509615630 -0.135981065953797 0.069641601708948 -0.025003371727503 0.127602253516715 0.163492362126999 -0.025213645635632 0.004300520631627 -0.080731917483407 -0.052825803697340 0.006927788528736 0.056718452002551 0.013103067632810 -0.023675201157622 
0.074640449891286 0.127602253516715 -0.080731917483406 0.056718452002551 -0.023675201157622 0.827004509615630 0.163492362126999 -0.052825803697340 0.013103067632810 -0.135981065953797 -0.025213645635632 0.006927788528736 0.069641601708948 0.004300520631627 -0.025003371727503 
-0.023675201157622 0.013103067632810 0.006927788528736 0.004300520631627 -0.025003371727503 0.056718452002551 -0.052825803697340 -0.025213645635633 0.069641601708948 -0.080731917483407 0.163492362126999 -0.135981065953797 0.127602253516715 0.827004509615630 0.074640449891285 
-0.023675201157622 0.056718452002551 -0.080731917483406 0.127602253516715 0.074640449891285 0.013103067632810 -0.052825803697340 0.163492362126998 0.827004509615630 0.006927788528736 -0.025213645635633 -0.135981065953797 0.004300520631627 0.069641601708948 -0.025003371727503 
0.037426900736444 -0.097045613590740 0.223563296732581 0.314135059067243 -0.076456422778243 -0.020439296702788 0.077964615039148 0.710460172439823 0.055769715941767 0.002847512617725 -0.229696017820632 -0.126993638990334 0.066125459526663 0.124658860609139 -0.062320602827796 
0.037426900736444 -0.020439296702788 0.002847512617725 0.066125459526662 -0.062320602827796 -0.097045613590740 0.077964615039148 -0.229696017820632 0.124658860609139 0.223563296732581 0.710460172439823 -0.126993638990334 0.314135059067243 0.055769715941767 -0.076456422778243 
-0.076456422778243 0.314135059067243 0.223563296732581 -0.097045613590740 0.037426900736444 0.055769715941767 0.710460172439823 0.077964615039148 -0.020439296702788 -0.126993638990335 -0.229696017820632 0.002847512617725 0.124658860609139 0.066125459526662 -0.062320602827796 
-0.076456422778243 0.055769715941767 -0.126993638990335 0.124658860609139 -0.062320602827796 0.314135059067243 0.710460172439823 -0.229696017820632 0.066125459526662 0.223563296732581 0.077964615039148 0.002847512617725 -0.097045613590740 -0.020439296702788 0.037426900736444 
-0.062320602827796 0.066125459526662 0.002847512617725 -0.020439296702788 0.037426900736444 0.124658860609139 -0.229696017820632 0.077964615039148 -0.097045613590740 -0.126993638990335 0.710460172439823 0.223563296732581 0.055769715941767 0.314135059067243 -0.076456422778243 
-0.062320602827796 0.124658860609139 -0.126993638990335 0.055769715941767 -0.076456422778243 0.066125459526662 -0.229696017820632 0.710460172439823 0.314135059067243 0.002847512617725 0.077964615039148 0.223563296732581 -0.020439296702788 -0.097045613590740 0.037426900736444 
-0.022332592884059 0.043975985498821 -0.042447935485297 0.018931310229745 -0.122012933038791 0.023151362519956 -0.075462663496387 0.169043258220943 0.637294161083521 0.000313626751073 0.025217271071640 0.456630853593410 -0.006272171677472 -0.159344755281004 0.053315222893903 
-0.022332592884059 0.023151362519955 0.000313626751073 -0.006272171677472 0.053315222893903 0.043975985498820 -0.075462663496387 0.025217271071640 -0.159344755281004 -0.042447935485297 0.169043258220943 0.456630853593410 0.018931310229745 0.637294161083522 -0.122012933038791 
-0.122012933038791 0.018931310229744 -0.042447935485297 0.043975985498820 -0.022332592884059 0.637294161083522 0.169043258220942 -0.075462663496387 0.023151362519955 0.456630853593410 0.025217271071640 0.000313626751073 -0.159344755281004 -0.006272171677472 0.053315222893903 
-0.122012933038791 0.637294161083522 0.456630853593410 -0.159344755281004 0.053315222893903 0.018931310229745 0.169043258220942 0.025217271071640 -0.006272171677472 -0.042447935485297 -0.075462663496387 0.000313626751073 0.043975985498820 0.023151362519955 -0.022332592884059 
0.053315222893903 -0.006272171677472 0.000313626751073 0.023151362519955 -0.022332592884059 -0.159344755281004 0.025217271071640 -0.075462663496387 0.043975985498820 0.456630853593410 0.169043258220941 -0.042447935485297 0.637294161083522 0.018931310229744 -0.122012933038791 
0.053315222893903 -0.159344755281004 0.456630853593410 0.637294161083522 -0.122012933038791 -0.006272171677472 0.025217271071639 0.169043258220941 0.018931310229745 0.000313626751073 -0.075462663496387 -0.042447935485297 0.023151362519955 0.043975985498820 -0.022332592884059 
******************************************
Cubature Weak Dr Differentiation Matrix
15 36
0.464238896812745 1.299654739612387 1.299654739612388 -1.937021065478072 -0.081766950378312 -0.081766950378311 -4.072379130749647 0.383674782096172 0.383674782096172 3.041827500561615 -2.230398683603960 -2.230398683603959 -6.202727105240036 1.233290140428600 1.233290140428599 3.709176279811212 1.159676775312168 1.159676775312168 -0.024014127613876 -0.024014127613878 -5.237291146013155 -5.237291146013159 2.436595957001920 2.436595957001921 -1.588307022218952 -1.588307022218953 1.540020217796700 1.540020217796698 1.479728770574464 1.479728770574461 2.709915387958989 2.709915387958989 0.013610436010014 0.013610436010015 -0.595946964821937 -0.595946964821937 
-0.379716196431015 -0.601357134316634 -0.451471804798368 0.544600644268458 0.052390368833828 0.385249000590152 1.036807414533086 -0.145410970507645 0.654067654221097 -0.396024072737788 1.002729812857160 0.056818425469208 1.452858221040255 -0.519962680871830 0.814163197607407 -1.238126357090289 -0.561728529366052 -1.019144529591640 0.091744574098624 0.466585967952878 0.472897208923008 1.916326875597710 0.815732723724107 -1.121564031993960 0.839243285782214 -0.560096917102956 -1.379244154917889 0.559727605386470 0.014457474076376 -0.812799775434193 -1.232099874542649 -0.133801357625162 0.690908008611794 -1.109871775605936 -0.464397506871673 0.259509206231746 
-0.052213490174978 0.052213490174978 0.000000000000000 -0.115953382193735 0.115953382193735 0.000000000000000 -0.278503369552863 0.278503369552872 -0.000000000000005 0.329514136510348 -0.329514136510348 0.000000000000000 -0.464751077854290 0.464751077854285 0.000000000000002 0.159343719031190 -0.159343719031193 0.000000000000002 -0.441297094674977 0.613338778036447 0.441297094674981 -1.246744852263377 -0.613338778036448 1.246744852263377 -1.258608428658816 0.871335739108250 1.258608428658816 -1.059319760706448 -0.871335739108251 1.059319760706447 1.093135026672296 -0.717999570126678 -1.093135026672297 0.962713304727483 0.717999570126678 -0.962713304727483 
0.601357134316633 0.379716196431013 0.451471804798368 -0.052390368833827 -0.544600644268457 -0.385249000590151 0.145410970507638 -1.036807414533097 -0.654067654221093 -1.002729812857159 0.396024072737788 -0.056818425469207 0.519962680871834 -1.452858221040246 -0.814163197607407 0.561728529366050 1.238126357090294 1.019144529591634 -0.472897208923015 -0.815732723724110 -0.091744574098627 1.121564031993960 -0.466585967952873 -1.916326875597709 1.379244154917890 -0.014457474076377 -0.839243285782214 0.812799775434194 0.560096917102956 -0.559727605386470 -0.690908008611794 0.464397506871672 1.232099874542649 -0.259509206231747 0.133801357625161 1.109871775605936 
-1.299654739612389 -0.464238896812743 -1.299654739612388 0.081766950378312 1.937021065478071 0.081766950378311 -0.383674782096155 4.072379130749682 -0.383674782096154 2.230398683603960 -3.041827500561615 2.230398683603959 -1.233290140428608 6.202727105240016 -1.233290140428607 -1.159676775312164 -3.709176279811236 -1.159676775312163 5.237291146013185 -2.436595957001920 0.024014127613884 -2.436595957001921 0.024014127613884 5.237291146013159 -1.540020217796701 -1.479728770574462 1.588307022218953 -1.479728770574464 1.588307022218952 -1.540020217796700 -0.013610436010015 0.595946964821938 -2.709915387958992 0.595946964821938 -2.709915387958991 -0.013610436010015 
-0.592809945085544 -0.734696807962286 0.455116393743654 0.582150622945908 0.729837240329689 0.610177445752662 -2.902562127789671 0.283029162795127 -0.103957299405223 -0.489923044090887 -0.258910356037800 1.173342169352667 -1.548555441392636 0.966070941172646 -0.546140657363169 -1.162129926298242 -1.766810194506602 0.273662990433787 0.213974870683347 0.143718724998497 -0.706967788093671 -3.504657365245384 -1.162267987633573 1.056915013571887 -0.795429258483301 1.019697724015005 0.499923404180380 -3.876446479637692 -0.873509798050080 -0.209963000572450 0.042327021132722 -1.236262547320621 -3.149898264397523 0.683518818196181 0.297857613318568 -0.552279010113509 
0.265677742177387 0.477310950837142 -0.449584626904689 -0.573043306691975 -0.493416014058452 -0.709179706826445 0.551194436568700 0.039000402551144 -0.134709808393293 -0.149616085472159 -0.425762284085537 -0.458895091715547 0.141281090352783 -0.114113486831002 -0.117109749287527 0.820249821456589 0.997380818937632 0.033642373601660 -0.001953610690484 -0.159470243603321 0.036659487803676 0.698145601427450 0.099788505248195 0.051912870757991 -0.058910731367535 -0.007116583921113 -0.164030623528913 1.126074698934279 0.298958273249979 0.335945425266334 0.407713404076989 0.470390055138762 0.979447530564966 -0.065457538867829 0.190542050670346 0.127806474924909 
-0.477310950837143 -0.265677742177387 0.449584626904689 0.493416014058452 0.573043306691975 0.709179706826445 -0.039000402551144 -0.551194436568703 0.134709808393295 0.425762284085537 0.149616085472159 0.458895091715547 0.114113486831002 -0.141281090352782 0.117109749287527 -0.997380818937626 -0.820249821456593 -0.033642373601661 -0.036659487803677 -0.099788505248194 0.001953610690483 -0.051912870757991 0.159470243603321 -0.698145601427450 0.164030623528913 -0.298958273249979 0.058910731367535 -0.335945425266334 0.007116583921112 -1.126074698934279 -0.979447530564966 -0.190542050670346 -0.407713404076990 -0.127806474924909 -0.470390055138763 0.065457538867829 
0.734696807962287 0.592809945085544 -0.455116393743654 -0.729837240329689 -0.582150622945908 -0.610177445752662 -0.283029162795120 2.902562127789690 0.103957299405213 0.258910356037801 0.489923044090886 -1.173342169352667 -0.966070941172651 1.548555441392630 0.546140657363173 1.766810194506589 1.162129926298246 -0.273662990433783 0.706967788093681 1.162267987633573 -0.213974870683341 -1.056915013571888 -0.143718724998499 3.504657365245385 -0.499923404180380 0.873509798050079 0.795429258483302 0.209963000572450 -1.019697724015005 3.876446479637690 3.149898264397522 -0.297857613318569 -0.042327021132723 0.552279010113510 1.236262547320622 -0.683518818196181 
0.303614840314260 -3.322435717100411 0.355828330489239 0.627203690086894 -0.182737492718916 0.743157072280629 -0.047622912968787 -0.243682121310233 0.230880456584089 0.176328820424046 0.054796495477475 -0.153185316086302 0.128958548443088 0.515682561019357 0.593709626297373 -0.189656150627764 -4.042360591654571 -0.348999869658957 0.410211064470083 -0.846059092581436 0.186483455475281 -0.404761997906463 1.433228307738660 -0.203127713566368 -0.157241472411906 -3.183895005268420 0.355985919815680 -1.925286576609605 1.415305680522129 -1.028577211520157 -0.850097546237161 1.043447871755065 -1.712798758605391 -0.049687154917233 -2.675512063332874 -0.132097976110483 
-0.926895577741832 0.926895577741832 0.000000000000000 -0.215763692767994 0.215763692767994 0.000000000000000 -0.173710210944438 0.173710210944438 -0.000000000000005 -0.033132807630010 0.033132807630010 0.000000000000000 -0.002996262456525 0.002996262456525 0.000000000000002 -0.963738445335967 0.963738445335969 0.000000000000000 -0.047875634490204 0.661486113623772 0.047875634490205 -0.157516632912838 -0.661486113623774 0.157516632912838 0.036987152016355 1.290105322463191 -0.036987152016355 0.051794147446422 -1.290105322463192 -0.051794147446422 -0.062735575745437 -1.044905069432795 0.062735575745437 0.062676651061773 1.044905069432795 -0.062676651061773 
3.322435717100412 -0.303614840314261 -0.355828330489239 0.182737492718916 -0.627203690086894 -0.743157072280629 0.243682121310233 0.047622912968790 -0.230880456584070 -0.054796495477475 -0.176328820424046 0.153185316086302 -0.515682561019359 -0.128958548443088 -0.593709626297379 4.042360591654559 0.189656150627768 0.348999869658957 -0.186483455475282 -1.433228307738660 -0.410211064470080 0.203127713566368 0.846059092581443 0.404761997906463 -0.355985919815680 -1.415305680522129 0.157241472411907 1.028577211520158 3.183895005268423 1.925286576609604 1.712798758605391 2.675512063332872 0.850097546237161 0.132097976110483 -1.043447871755064 0.049687154917233 
1.056473528060287 -0.283225003163916 -0.213093748654529 0.557787076918833 0.344588239739535 0.037549978677450 0.041453671102423 -0.371038491425972 -3.939369542322763 0.170612356495506 -0.315728781507006 -0.093898971353100 -0.026177976491339 0.151907743565240 -3.001413662432882 0.835391519799835 -0.747665664914956 0.075996430792050 0.241182289847780 -3.977554574168396 -0.040703955639613 0.051974150899872 -2.623294663691380 -0.252611097269533 -0.224420474648824 -2.497202324719797 -0.060710022615885 0.180454438232790 -0.059804201206092 -0.235332341380344 -0.087881503241835 -0.007389190415614 0.038348407086823 -0.004162672777971 -2.040026488791582 0.176128378757885 
0.283225003163917 -1.056473528060288 0.213093748654529 -0.344588239739536 -0.557787076918834 -0.037549978677450 0.371038491425972 -0.041453671102423 3.939369542322777 0.315728781507007 -0.170612356495507 0.093898971353099 -0.151907743565240 0.026177976491339 3.001413662432882 0.747665664914955 -0.835391519799838 -0.075996430792050 0.040703955639613 2.623294663691393 -0.241182289847780 0.252611097269533 3.977554574168392 -0.051974150899872 0.060710022615885 0.059804201206092 0.224420474648824 0.235332341380345 2.497202324719801 -0.180454438232791 -0.038348407086823 2.040026488791584 0.087881503241836 -0.176128378757886 0.007389190415613 0.004162672777971 
0.000000000000000 0.000000000000000 0.000000000000000 0.000000000000000 0.000000000000000 0.000000000000000 0.000000000000000 0.000000000000000 0.000000000000000 0.000000000000000 0.000000000000000 0.000000000000000 0.000000000000000 0.000000000000000 0.000000000000000 0.000000000000000 0.000000000000000 0.000000000000000 0.000000000000000 0.000000000000000 0.000000000000000 0.000000000000000 0.000000000000000 0.000000000000000 0.000000000000000 0.000000000000000 0.000000000000000 0.000000000000000 0.000000000000000 0.000000000000000 0.000000000000000 0.000000000000000 0.000000000000000 0.000000000000000 0.000000000000000 0.000000000000000 
******************************************
Cubature Weak Ds Differentiation Matrix
15 36
0.464238896812746 1.299654739612388 1.299654739612388 -1.937021065478070 -0.081766950378311 -0.081766950378311 -4.072379130749647 0.383674782096169 0.383674782096172 3.041827500561615 -2.230398683603958 -2.230398683603959 -6.202727105240033 1.233290140428599 1.233290140428600 3.709176279811212 1.159676775312167 1.159676775312167 -0.024014127613878 -0.024014127613877 -5.237291146013155 -5.237291146013161 2.436595957001919 2.436595957001921 -1.588307022218955 -1.588307022218953 1.540020217796701 1.540020217796698 1.479728770574464 1.479728770574463 2.709915387958990 2.709915387958988 0.013610436010013 0.013610436010015 -0.595946964821937 -0.595946964821939 
-0.592809945085543 0.455116393743654 -0.734696807962287 0.582150622945909 0.610177445752662 0.729837240329688 -2.902562127789669 -0.103957299405224 0.283029162795128 -0.489923044090887 1.173342169352668 -0.258910356037800 -1.548555441392634 -0.546140657363169 0.966070941172646 -1.162129926298241 0.273662990433787 -1.766810194506603 0.143718724998495 0.213974870683347 -3.504657365245383 -0.706967788093671 1.056915013571888 -1.162267987633573 1.019697724015004 -0.795429258483301 -3.876446479637691 0.499923404180380 -0.209963000572449 -0.873509798050077 -1.236262547320620 0.042327021132723 0.683518818196181 -3.149898264397522 -0.552279010113509 0.297857613318568 
0.303614840314260 0.355828330489238 -3.322435717100410 0.627203690086894 0.743157072280629 -0.182737492718916 -0.047622912968787 0.230880456584088 -0.243682121310233 0.176328820424047 -0.153185316086302 0.054796495477475 0.128958548443088 0.593709626297371 0.515682561019357 -0.189656150627763 -0.348999869658956 -4.042360591654571 -0.846059092581436 0.410211064470083 -0.404761997906463 0.186483455475281 -0.203127713566367 1.433228307738658 -3.183895005268421 -0.157241472411907 -1.925286576609604 0.355985919815680 -1.028577211520158 1.415305680522127 1.043447871755063 -0.850097546237161 -0.049687154917232 -1.712798758605391 -0.132097976110483 -2.675512063332874 
1.056473528060286 -0.213093748654528 -0.283225003163916 0.557787076918833 0.037549978677450 0.344588239739535 0.041453671102422 -3.939369542322761 -0.371038491425971 0.170612356495507 -0.093898971353100 -0.315728781507006 -0.026177976491340 -3.001413662432882 0.151907743565240 0.835391519799835 0.075996430792050 -0.747665664914955 -3.977554574168394 0.241182289847780 0.051974150899871 -0.040703955639613 -0.252611097269532 -2.623294663691380 -2.497202324719793 -0.224420474648824 0.180454438232790 -0.060710022615884 -0.235332341380343 -0.059804201206093 -0.007389190415615 -0.087881503241835 -0.004162672777971 0.038348407086822 0.176128378757885 -2.040026488791580 
0.000000000000000 0.000000000000001 -0.000000000000001 0.000000000000000 0.000000000000001 0.000000000000001 -0.000000000000001 0.000000000000001 0.000000000000000 0.000000000000001 0.000000000000001 -0.000000000000000 -0.000000000000001 0.000000000000001 0.000000000000001 -0.000000000000001 -0.000000000000000 -0.000000000000002 0.000000000000001 0.000000000000000 -0.000000000000002 -0.000000000000000 0.000000000000000 -0.000000000000002 0.000000000000002 -0.000000000000001 -0.000000000000002 0.000000000000001 0.000000000000000 -0.000000000000001 -0.000000000000001 0.000000000000000 0.000000000000001 -0.000000000000001 -0.000000000000001 0.000000000000001 
-0.379716196431016 -0.451471804798368 -0.601357134316634 0.544600644268458 0.385249000590152 0.052390368833828 1.036807414533085 0.654067654221097 -0.145410970507645 -0.396024072737788 0.056818425469207 1.002729812857160 1.452858221040255 0.814163197607407 -0.519962680871830 -1.238126357090290 -1.019144529591640 -0.561728529366052 0.466585967952879 0.091744574098624 1.916326875597709 0.472897208923008 -1.121564031993960 0.815732723724106 -0.560096917102957 0.839243285782214 0.559727605386470 -1.379244154917890 -0.812799775434195 0.014457474076374 -0.133801357625163 -1.232099874542649 -1.109871775605937 0.690908008611794 0.259509206231746 -0.464397506871673 
0.265677742177387 -0.449584626904689 0.477310950837143 -0.573043306691975 -0.709179706826445 -0.493416014058451 0.551194436568699 -0.134709808393293 0.039000402551144 -0.149616085472159 -0.458895091715548 -0.425762284085537 0.141281090352783 -0.117109749287527 -0.114113486831002 0.820249821456589 0.033642373601660 0.997380818937632 -0.159470243603321 -0.001953610690484 0.698145601427450 0.036659487803676 0.051912870757991 0.099788505248195 -0.007116583921113 -0.058910731367535 1.126074698934279 -0.164030623528913 0.335945425266334 0.298958273249979 0.470390055138762 0.407713404076989 -0.065457538867829 0.979447530564966 0.127806474924909 0.190542050670346 
-0.926895577741832 -0.000000000000000 0.926895577741832 -0.215763692767994 0.000000000000000 0.215763692767994 -0.173710210944438 -0.000000000000006 0.173710210944438 -0.033132807630010 0.000000000000000 0.033132807630010 -0.002996262456525 0.000000000000002 0.002996262456525 -0.963738445335967 0.000000000000000 0.963738445335969 0.661486113623772 -0.047875634490204 -0.157516632912837 0.047875634490205 0.157516632912838 -0.661486113623775 1.290105322463192 0.036987152016355 0.051794147446422 -0.036987152016355 -0.051794147446422 -1.290105322463191 -1.044905069432795 -0.062735575745437 0.062676651061773 0.062735575745437 -0.062676651061773 1.044905069432795 
0.283225003163918 0.213093748654529 -1.056473528060288 -0.344588239739536 -0.037549978677451 -0.557787076918835 0.371038491425972 3.939369542322777 -0.041453671102423 0.315728781507007 0.093898971353099 -0.170612356495507 -0.151907743565241 3.001413662432882 0.026177976491339 0.747665664914957 -0.075996430792050 -0.835391519799838 2.623294663691395 0.040703955639613 0.252611097269533 -0.241182289847781 -0.051974150899872 3.977554574168393 0.059804201206090 0.060710022615885 0.235332341380345 0.224420474648825 -0.180454438232791 2.497202324719800 2.040026488791585 -0.038348407086822 -0.176128378757886 0.087881503241836 0.004162672777971 0.007389190415613 
-0.052213490174978 -0.000000000000000 0.052213490174978 -0.115953382193735 0.000000000000000 0.115953382193735 -0.278503369552862 -0.000000000000005 0.278503369552872 0.329514136510348 0.000000000000000 -0.329514136510348 -0.464751077854290 0.000000000000002 0.464751077854286 0.159343719031189 0.000000000000002 -0.159343719031194 0.613338778036446 -0.441297094674977 -1.246744852263378 0.441297094674982 1.246744852263378 -0.613338778036448 0.871335739108251 -1.258608428658816 -1.059319760706449 1.258608428658816 1.059319760706450 -0.871335739108250 -0.717999570126678 1.093135026672297 0.962713304727483 -1.093135026672297 -0.962713304727483 0.717999570126679 
-0.477310950837143 0.449584626904689 -0.265677742177387 0.493416014058451 0.709179706826445 0.573043306691975 -0.039000402551144 0.134709808393295 -0.551194436568703 0.425762284085537 0.458895091715547 0.149616085472159 0.114113486831003 0.117109749287526 -0.141281090352782 -0.997380818937625 -0.033642373601661 -0.820249821456593 -0.099788505248194 -0.036659487803676 -0.051912870757991 0.001953610690483 -0.698145601427450 0.159470243603321 -0.298958273249979 0.164030623528912 -0.335945425266333 0.058910731367535 -1.126074698934280 0.007116583921113 -0.190542050670346 -0.979447530564966 -0.127806474924909 -0.407713404076990 0.065457538867829 -0.470390055138762 
3.322435717100412 -0.355828330489238 -0.303614840314261 0.182737492718916 -0.743157072280629 -0.627203690086894 0.243682121310233 -0.230880456584069 0.047622912968789 -0.054796495477475 0.153185316086302 -0.176328820424046 -0.515682561019359 -0.593709626297379 -0.128958548443088 4.042360591654559 0.348999869658957 0.189656150627768 -1.433228307738659 -0.186483455475282 0.203127713566368 -0.410211064470081 0.404761997906462 0.846059092581444 -1.415305680522128 -0.355985919815680 1.028577211520157 0.157241472411907 1.925286576609605 3.183895005268421 2.675512063332873 1.712798758605390 0.132097976110483 0.850097546237161 0.049687154917233 -1.043447871755064 
0.601357134316635 0.451471804798368 0.379716196431014 -0.052390368833828 -0.385249000590152 -0.544600644268457 0.145410970507637 -0.654067654221093 -1.036807414533098 -1.002729812857159 -0.056818425469208 0.396024072737788 0.519962680871834 -0.814163197607408 -1.452858221040247 0.561728529366051 1.019144529591635 1.238126357090296 -0.815732723724110 -0.472897208923016 1.121564031993959 -0.091744574098627 -1.916326875597709 -0.466585967952874 -0.014457474076376 1.379244154917889 0.812799775434193 -0.839243285782214 -0.559727605386470 0.560096917102955 0.464397506871672 -0.690908008611794 -0.259509206231746 1.232099874542650 1.109871775605937 0.133801357625162 
0.734696807962285 -0.455116393743653 0.592809945085543 -0.729837240329688 -0.610177445752661 -0.582150622945907 -0.283029162795120 0.103957299405213 2.902562127789690 0.258910356037800 -1.173342169352666 0.489923044090887 -0.966070941172651 0.546140657363173 1.548555441392630 1.766810194506587 -0.273662990433783 1.162129926298244 1.162267987633573 0.706967788093680 -1.056915013571889 -0.213974870683342 3.504657365245385 -0.143718724998499 0.873509798050079 -0.499923404180379 0.209963000572448 0.795429258483301 3.876446479637692 -1.019697724015005 -0.297857613318569 3.149898264397521 0.552279010113509 -0.042327021132725 -0.683518818196181 1.236262547320622 
-1.299654739612388 -1.299654739612388 -0.464238896812743 0.081766950378312 0.081766950378312 1.937021065478071 -0.383674782096154 -0.383674782096154 4.072379130749682 2.230398683603959 2.230398683603959 -3.041827500561615 -1.233290140428607 -1.233290140428607 6.202727105240015 -1.159676775312163 -1.159676775312163 -3.709176279811233 -2.436595957001919 5.237291146013181 -2.436595957001919 0.024014127613884 5.237291146013155 0.024014127613884 -1.479728770574459 -1.540020217796698 -1.479728770574459 1.588307022218953 -1.540020217796698 1.588307022218953 0.595946964821937 -0.013610436010014 0.595946964821937 -2.709915387958989 -0.013610436010014 -2.709915387958989 
******************************************
Cubature Projection Matrix
15 36
-0.314418401901995 0.295779549351309 0.295779549351309 0.010568434625846 0.351166642609017 0.351166642609016 -0.217414887069613 -0.218303281333435 -0.218303281333435 -0.195332236590102 -0.061898486299816 -0.061898486299815 1.095939514803812 0.048649577058516 0.048649577058516 0.155971338144116 0.072812751791631 0.072812751791631 -0.110630939441503 -0.110630939441503 0.433570992581256 0.433570992581257 0.107296182809253 0.107296182809253 0.104050533450581 0.104050533450581 -0.527214612079221 -0.527214612079220 -0.213682277337200 -0.213682277337200 0.139731884659519 0.139731884659519 -0.264620422681246 -0.264620422681247 0.075635023855292 0.075635023855292 
0.106845656558989 0.094777702441580 -0.214415000658504 0.060992764094437 -0.038788904983405 -0.166560247319887 0.200089007405888 0.105587726753635 -0.097120110123974 -0.170176422464117 0.064005982910706 0.039049350821974 0.116982620695275 -0.015837253032607 0.051799612051068 -0.069259999037899 0.155854002048599 0.016877341098720 0.045409314952411 -0.093161783449100 0.551688988446904 -0.145141553421467 0.052947728112116 -0.046155192901001 -0.074763292942642 0.005623665464575 0.307491758225197 -0.141251306009340 -0.009083802577463 0.098087382439977 -0.069664828712116 -0.009868195228559 -0.106430463630596 0.440649195226089 0.009527816843024 -0.056609260098487 
0.039581913564758 0.039581913564758 0.263205083292290 -0.011540659172076 -0.011540659172076 -0.117282228874346 -0.149903136879556 -0.149903136879556 -0.003650360110409 -0.218326269411044 -0.218326269411044 0.177438621860146 -0.003831859721493 -0.003831859721493 0.054163767778749 0.026428262648501 0.026428262648501 0.662225153919961 -0.035560078253267 -0.034199109322084 -0.035560078253266 0.045730772452085 -0.034199109322085 0.045730772452085 0.093842682047365 0.023024046123611 0.093842682047365 -0.060686816137647 0.023024046123611 -0.060686816137647 0.087645010717675 -0.078850710429642 0.087645010717676 0.258595932839624 -0.078850710429642 0.258595932839624 
0.094777702441580 0.106845656558989 -0.214415000658504 -0.038788904983405 0.060992764094437 -0.166560247319887 0.105587726753636 0.200089007405887 -0.097120110123974 0.064005982910706 -0.170176422464117 0.039049350821974 -0.015837253032608 0.116982620695276 0.051799612051069 0.155854002048599 -0.069259999037900 0.016877341098718 0.551688988446903 0.052947728112116 0.045409314952411 -0.046155192901001 -0.093161783449100 -0.145141553421466 0.307491758225197 -0.009083802577463 -0.074763292942642 0.098087382439976 0.005623665464575 -0.141251306009340 -0.106430463630596 0.009527816843024 -0.069664828712116 -0.056609260098487 -0.009868195228559 0.440649195226088 
0.295779549351309 -0.314418401901995 0.295779549351309 0.351166642609017 0.010568434625846 0.351166642609016 -0.218303281333435 -0.217414887069609 -0.218303281333435 -0.061898486299816 -0.195332236590102 -0.061898486299815 0.048649577058517 1.095939514803807 0.048649577058517 0.072812751791632 0.155971338144119 0.072812751791632 0.433570992581262 0.107296182809253 -0.110630939441503 0.107296182809253 -0.110630939441503 0.433570992581257 -0.527214612079221 -0.213682277337200 0.104050533450581 -0.213682277337200 0.104050533450581 -0.527214612079220 -0.264620422681246 0.075635023855291 0.139731884659520 0.075635023855292 0.139731884659520 -0.264620422681247 
0.106845656558989 -0.214415000658504 0.094777702441580 0.060992764094437 -0.166560247319887 -0.038788904983405 0.200089007405888 -0.097120110123974 0.105587726753636 -0.170176422464117 0.039049350821974 0.064005982910706 0.116982620695275 0.051799612051069 -0.015837253032607 -0.069259999037899 0.016877341098720 0.155854002048599 -0.093161783449100 0.045409314952411 -0.145141553421466 0.551688988446904 -0.046155192901001 0.052947728112116 0.005623665464575 -0.074763292942642 -0.141251306009340 0.307491758225197 0.098087382439977 -0.009083802577463 -0.009868195228560 -0.069664828712116 0.440649195226089 -0.106430463630596 -0.056609260098488 0.009527816843024 
-0.073341352023476 0.117291943443421 0.117291943443421 -0.010856809911478 0.162322605460160 0.162322605460160 0.131109624982554 -0.010738770452197 -0.010738770452197 0.381649192971768 -0.029645116812457 -0.029645116812457 -0.021909636183603 -0.002327481420822 -0.002327481420822 0.044186669557859 -0.057761398915058 -0.057761398915058 0.016467460201407 0.016467460201407 -0.016183909581879 -0.016183909581879 0.000130067444143 0.000130067444143 -0.002975917019775 -0.002975917019775 0.161560967538216 0.161560967538216 -0.038674145205602 -0.038674145205602 0.023670682711060 0.023670682711060 -0.039109098178845 -0.039109098178845 -0.009446733908585 -0.009446733908585 
0.117291943443421 -0.073341352023476 0.117291943443421 0.162322605460160 -0.010856809911478 0.162322605460160 -0.010738770452197 0.131109624982553 -0.010738770452196 -0.029645116812457 0.381649192971768 -0.029645116812457 -0.002327481420822 -0.021909636183603 -0.002327481420822 -0.057761398915057 0.044186669557860 -0.057761398915058 -0.016183909581879 0.000130067444143 0.016467460201407 0.000130067444143 0.016467460201407 -0.016183909581879 0.161560967538216 -0.038674145205602 -0.002975917019775 -0.038674145205602 -0.002975917019775 0.161560967538216 -0.039109098178845 -0.009446733908585 0.023670682711060 -0.009446733908585 0.023670682711060 -0.039109098178845 
-0.214415000658504 0.106845656558990 0.094777702441580 -0.166560247319887 0.060992764094437 -0.038788904983405 -0.097120110123974 0.200089007405891 0.105587726753636 0.039049350821974 -0.170176422464118 0.064005982910706 0.051799612051069 0.116982620695274 -0.015837253032608 0.016877341098718 -0.069259999037900 0.155854002048600 -0.145141553421466 -0.046155192901001 -0.093161783449101 0.052947728112116 0.045409314952411 0.551688988446905 -0.141251306009340 0.098087382439977 0.005623665464575 -0.009083802577463 -0.074763292942642 0.307491758225197 0.440649195226089 -0.056609260098488 -0.009868195228560 0.009527816843024 -0.069664828712116 -0.106430463630596 
0.039581913564758 0.263205083292291 0.039581913564758 -0.011540659172076 -0.117282228874346 -0.011540659172076 -0.149903136879556 -0.003650360110409 -0.149903136879556 -0.218326269411044 0.177438621860146 -0.218326269411044 -0.003831859721493 0.054163767778749 -0.003831859721493 0.026428262648501 0.662225153919961 0.026428262648501 -0.034199109322084 -0.035560078253267 0.045730772452085 -0.035560078253266 0.045730772452085 -0.034199109322085 0.023024046123611 0.093842682047365 -0.060686816137647 0.093842682047365 -0.060686816137647 0.023024046123611 -0.078850710429642 0.087645010717675 0.258595932839624 0.087645010717676 0.258595932839624 -0.078850710429642 
0.117291943443421 0.117291943443421 -0.073341352023476 0.162322605460160 0.162322605460160 -0.010856809911478 -0.010738770452197 -0.010738770452196 0.131109624982553 -0.029645116812457 -0.029645116812457 0.381649192971768 -0.002327481420822 -0.002327481420822 -0.021909636183603 -0.057761398915057 -0.057761398915058 0.044186669557860 0.000130067444143 -0.016183909581879 0.000130067444143 0.016467460201407 -0.016183909581879 0.016467460201407 -0.038674145205602 0.161560967538216 -0.038674145205602 -0.002975917019775 0.161560967538216 -0.002975917019775 -0.009446733908585 -0.039109098178845 -0.009446733908585 0.023670682711060 -0.039109098178845 0.023670682711060 
0.263205083292291 0.039581913564758 0.039581913564758 -0.117282228874346 -0.011540659172076 -0.011540659172076 -0.003650360110409 -0.149903136879556 -0.149903136879556 0.177438621860146 -0.218326269411044 -0.218326269411044 0.054163767778749 -0.003831859721493 -0.003831859721493 0.662225153919957 0.026428262648501 0.026428262648501 0.045730772452085 0.045730772452085 -0.034199109322085 -0.034199109322085 -0.035560078253266 -0.035560078253266 -0.060686816137647 -0.060686816137647 0.023024046123611 0.023024046123611 0.093842682047365 0.093842682047365 0.258595932839623 0.258595932839623 -0.078850710429642 -0.078850710429642 0.087645010717676 0.087645010717676 
0.094777702441580 -0.214415000658504 0.106845656558989 -0.038788904983406 -0.166560247319887 0.060992764094437 0.105587726753636 -0.097120110123974 0.200089007405887 0.064005982910706 0.039049350821974 -0.170176422464117 -0.015837253032608 0.051799612051069 0.116982620695276 0.155854002048599 0.016877341098718 -0.069259999037900 0.052947728112116 0.551688988446903 -0.046155192901001 0.045409314952411 -0.145141553421466 -0.093161783449101 -0.009083802577463 0.307491758225197 0.098087382439977 -0.074763292942642 -0.141251306009340 0.005623665464575 0.009527816843024 -0.106430463630596 -0.056609260098488 -0.069664828712116 0.440649195226089 -0.009868195228559 
-0.214415000658504 0.094777702441580 0.106845656558989 -0.166560247319887 -0.038788904983405 0.060992764094437 -0.097120110123974 0.105587726753636 0.200089007405891 0.039049350821974 0.064005982910706 -0.170176422464117 0.051799612051069 -0.015837253032608 0.116982620695274 0.016877341098718 0.155854002048600 -0.069259999037900 -0.046155192901001 -0.145141553421466 0.052947728112116 -0.093161783449101 0.551688988446904 0.045409314952411 0.098087382439977 -0.141251306009340 -0.009083802577463 0.005623665464575 0.307491758225197 -0.074763292942642 -0.056609260098488 0.440649195226088 0.009527816843024 -0.009868195228559 -0.106430463630596 -0.069664828712116 
0.295779549351309 0.295779549351309 -0.314418401901995 0.351166642609016 0.351166642609016 0.010568434625846 -0.218303281333435 -0.218303281333435 -0.217414887069609 -0.061898486299816 -0.061898486299816 -0.195332236590102 0.048649577058517 0.048649577058517 1.095939514803806 0.072812751791632 0.072812751791632 0.155971338144119 0.107296182809253 0.433570992581262 0.107296182809253 -0.110630939441503 0.433570992581257 -0.110630939441503 -0.213682277337200 -0.527214612079220 -0.213682277337200 0.104050533450581 -0.527214612079220 0.104050533450581 0.075635023855292 -0.264620422681246 0.075635023855292 0.139731884659520 -0.264620422681246 0.139731884659520 
******************************************
Cubature Surface Interpolation Matrix
21 5
0.764393793728545 0.308266541035087 -0.109300099456019 0.056598431787596 -0.019958667095208 
0.137062623950050 0.951473261664150 -0.127399142383543 0.059205363878273 -0.020342107108930 
-0.131728983165305 0.733994023244043 0.514267827100455 -0.172205722738788 0.055672855559595 
0.000000000000000 -0.000000000000001 1.000000000000000 0.000000000000001 -0.000000000000000 
0.055672855559595 -0.172205722738789 0.514267827100456 0.733994023244043 -0.131728983165305 
-0.020342107108930 0.059205363878273 -0.127399142383542 0.951473261664151 0.137062623950049 
-0.019958667095207 0.056598431787596 -0.109300099456019 0.308266541035087 0.764393793728544 
0.764393793728544 0.308266541035087 -0.109300099456020 0.056598431787596 -0.019958667095208 
0.137062623950050 0.951473261664150 -0.127399142383542 0.059205363878273 -0.020342107108930 
-0.131728983165305 0.733994023244043 0.514267827100455 -0.172205722738788 0.055672855559595 
0.000000000000000 -0.000000000000001 1.000000000000000 0.000000000000000 -0.000000000000000 
0.055672855559595 -0.172205722738788 0.514267827100456 0.733994023244043 -0.131728983165305 
-0.020342107108930 0.059205363878273 -0.127399142383542 0.951473261664150 0.137062623950049 
-0.019958667095208 0.056598431787596 -0.109300099456020 0.308266541035088 0.764393793728544 
-0.019958667095208 0.056598431787596 -0.109300099456019 0.308266541035087 0.764393793728545 
-0.020342107108930 0.059205363878273 -0.127399142383543 0.951473261664150 0.137062623950050 
0.055672855559595 -0.172205722738788 0.514267827100455 0.733994023244043 -0.131728983165305 
-0.000000000000000 0.000000000000001 1.000000000000000 -0.000000000000001 0.000000000000000 
-0.131728983165305 0.733994023244042 0.514267827100455 -0.172205722738788 0.055672855559595 
0.137062623950049 0.951473261664150 -0.127399142383543 0.059205363878273 -0.020342107108930 
0.764393793728544 0.308266541035088 -0.109300099456020 0.056598431787596 -0.019958667095208 
******************************************
Cubature Surface Lift Matrix
15 21
11.363556910069258 6.067993379391566 -3.156456762823770 0.391836734693888 0.959093936518148 -1.005586352232712 0.379562154383656 0.971137246266523 2.097790436169572 2.863725378788395 3.134693877551026 2.863725378788398 2.097790436169570 0.971137246266524 0.379562154383649 -1.005586352232720 0.959093936518157 0.391836734693874 -3.156456762823768 6.067993379391535 11.363556910069221 
1.633167270917974 6.550609137476438 6.527048115970667 0.727696793002915 -0.714495062647607 0.388300411944448 -0.112326666664829 -0.375982489414635 -0.937224420090547 -1.371045243418771 -1.158950418038886 -0.109244384276713 0.954807239481425 0.854782572900969 0.467992573540305 -0.957532580190401 0.127097326564328 1.662740505502442 -1.519597871479009 -2.188029248854747 0.264472152059942 
-0.084446200945412 -0.124468010242637 3.912995843841111 7.591836734693888 3.912995843841115 -0.124468010242634 -0.084446200945412 0.204418829162310 0.987293922632448 1.513098553290988 0.220408163265306 -1.292468057586541 -0.408669678913824 0.650918268149310 0.650918268149313 -0.408669678913823 -1.292468057586541 0.220408163265308 1.513098553290987 0.987293922632446 0.204418829162310 
-0.112326666664830 0.388300411944450 -0.714495062647604 0.727696793002919 6.527048115970652 6.550609137476418 1.633167270917970 0.264472152059946 -2.188029248854747 -1.519597871479013 1.662740505502440 0.127097326564331 -0.957532580190397 0.467992573540301 0.854782572900970 0.954807239481428 -0.109244384276709 -1.158950418038883 -1.371045243418768 -0.937224420090544 -0.375982489414635 
0.379562154383654 -1.005586352232714 0.959093936518152 0.391836734693876 -3.156456762823773 6.067993379391521 11.363556910069223 11.363556910069256 6.067993379391567 -3.156456762823765 0.391836734693880 0.959093936518148 -1.005586352232718 0.379562154383649 0.971137246266522 2.097790436169578 2.863725378788392 3.134693877551030 2.863725378788389 2.097790436169576 0.971137246266522 
0.264472152059947 -2.188029248854749 -1.519597871479014 1.662740505502442 0.127097326564329 -0.957532580190400 0.467992573540303 0.854782572900970 0.954807239481430 -0.109244384276709 -1.158950418038886 -1.371045243418768 -0.937224420090543 -0.375982489414635 -0.112326666664831 0.388300411944447 -0.714495062647606 0.727696793002923 6.527048115970664 6.550609137476428 1.633167270917975 
-0.238092553281260 -0.449058885945485 -0.885506565760974 -0.944107824979846 -0.151775127383064 0.216482807405521 -0.014623983804846 -0.071508887502954 0.024773231257750 0.463935052857073 0.765671595327377 0.463935052857074 0.024773231257749 -0.071508887502954 -0.014623983804845 0.216482807405523 -0.151775127383064 -0.944107824979847 -0.885506565760975 -0.449058885945485 -0.238092553281260 
-0.014623983804846 0.216482807405522 -0.151775127383064 -0.944107824979847 -0.885506565760975 -0.449058885945484 -0.238092553281259 -0.238092553281260 -0.449058885945486 -0.885506565760975 -0.944107824979847 -0.151775127383064 0.216482807405522 -0.014623983804845 -0.071508887502954 0.024773231257749 0.463935052857073 0.765671595327377 0.463935052857074 0.024773231257750 -0.071508887502954 
0.467992573540305 -0.957532580190403 0.127097326564325 1.662740505502440 -1.519597871479010 -2.188029248854746 0.264472152059948 1.633167270917980 6.550609137476445 6.527048115970667 0.727696793002913 -0.714495062647607 0.388300411944446 -0.112326666664830 -0.375982489414637 -0.937224420090545 -1.371045243418769 -1.158950418038885 -0.109244384276713 0.954807239481426 0.854782572900969 
0.204418829162309 0.987293922632448 1.513098553290989 0.220408163265304 -1.292468057586541 -0.408669678913823 0.650918268149311 0.650918268149313 -0.408669678913823 -1.292468057586540 0.220408163265306 1.513098553290987 0.987293922632446 0.204418829162309 -0.084446200945413 -0.124468010242638 3.912995843841109 7.591836734693888 3.912995843841113 -0.124468010242635 -0.084446200945413 
-0.071508887502954 0.024773231257749 0.463935052857073 0.765671595327376 0.463935052857074 0.024773231257750 -0.071508887502954 -0.014623983804845 0.216482807405522 -0.151775127383064 -0.944107824979847 -0.885506565760975 -0.449058885945484 -0.238092553281259 -0.238092553281260 -0.449058885945485 -0.885506565760975 -0.944107824979846 -0.151775127383065 0.216482807405522 -0.014623983804845 
0.650918268149313 -0.408669678913822 -1.292468057586541 0.220408163265308 1.513098553290988 0.987293922632446 0.204418829162309 -0.084446200945414 -0.124468010242637 3.912995843841109 7.591836734693888 3.912995843841113 -0.124468010242637 -0.084446200945413 0.204418829162310 0.987293922632448 1.513098553290991 0.220408163265303 -1.292468057586541 -0.408669678913824 0.650918268149310 
-0.375982489414636 -0.937224420090544 -1.371045243418768 -1.158950418038883 -0.109244384276710 0.954807239481425 0.854782572900966 0.467992573540302 -0.957532580190400 0.127097326564326 1.662740505502438 -1.519597871479008 -2.188029248854744 0.264472152059944 1.633167270917975 6.550609137476436 6.527048115970658 0.727696793002910 -0.714495062647608 0.388300411944446 -0.112326666664830 
0.854782572900971 0.954807239481431 -0.109244384276709 -1.158950418038885 -1.371045243418770 -0.937224420090543 -0.375982489414635 -0.112326666664831 0.388300411944446 -0.714495062647606 0.727696793002919 6.527048115970662 6.550609137476426 1.633167270917975 0.264472152059947 -2.188029248854751 -1.519597871479013 1.662740505502445 0.127097326564330 -0.957532580190401 0.467992573540302 
0.971137246266522 2.097790436169581 2.863725378788392 3.134693877551027 2.863725378788393 2.097790436169576 0.971137246266519 0.379562154383651 -1.005586352232720 0.959093936518145 0.391836734693878 -3.156456762823770 6.067993379391522 11.363556910069214 11.363556910069256 6.067993379391562 -3.156456762823770 0.391836734693881 0.959093936518152 -1.005586352232718 0.379562154383649 
