******************************************
Nodal r-coordinates
3 1
-1.000000000000000 
1.000000000000000 
-1.000000000000000 
******************************************
Nodal s-coordinates
3 1
-1.000000000000000 
-1.000000000000000 
1.000000000000000 
******************************************
Nodal Dr differentiation matrix
3 3
-0.500000000000000 0.500000000000000 0.000000000000000 
-0.500000000000000 0.500000000000000 0.000000000000000 
-0.500000000000000 0.500000000000000 0.000000000000000 
******************************************
Nodal Ds differentiation matrix
3 3
-0.500000000000000 -0.000000000000000 0.500000000000000 
-0.500000000000000 0.000000000000000 0.500000000000000 
-0.500000000000000 -0.000000000000000 0.500000000000000 
******************************************
Nodal Mass Matrix
3 3
0.333333333333333 0.166666666666667 0.166666666666667 
0.166666666666667 0.333333333333333 0.166666666666667 
0.166666666666667 0.166666666666667 0.333333333333333 
******************************************
Nodal Face nodes
3 2
0 1 
1 2 
0 2 
******************************************
Nodal Lift Matrix
3 6
2.500000000000000 0.500000000000000 -1.500000000000000 -1.500000000000000 2.500000000000000 0.500000000000000 
0.500000000000000 2.500000000000000 2.500000000000000 0.500000000000000 -1.500000000000000 -1.500000000000000 
-1.500000000000000 -1.500000000000000 0.500000000000000 2.500000000000000 0.500000000000000 2.500000000000000 
******************************************
Plotting r-coordinates
21 1
-1.000000000000000 
-0.600000000000000 
-0.200000000000000 
0.200000000000000 
0.600000000000000 
1.000000000000000 
-1.000000000000000 
-0.600000000000000 
-0.200000000000000 
0.200000000000000 
0.600000000000000 
-1.000000000000000 
-0.600000000000000 
-0.200000000000000 
0.200000000000000 
-1.000000000000000 
-0.600000000000000 
-0.200000000000000 
-1.000000000000000 
-0.600000000000000 
-1.000000000000000 
******************************************
Plotting s-coordinates
21 1
-1.000000000000000 
-1.000000000000000 
-1.000000000000000 
-1.000000000000000 
-1.000000000000000 
-1.000000000000000 
-0.600000000000000 
-0.600000000000000 
-0.600000000000000 
-0.600000000000000 
-0.600000000000000 
-0.200000000000000 
-0.200000000000000 
-0.200000000000000 
-0.200000000000000 
0.200000000000000 
0.200000000000000 
0.200000000000000 
0.600000000000000 
0.600000000000000 
1.000000000000000 
******************************************
Plotting Interpolation Matrix
21 3
1.000000000000000 0.000000000000000 0.000000000000000 
0.800000000000000 0.200000000000000 0.000000000000000 
0.600000000000000 0.400000000000000 0.000000000000000 
0.400000000000000 0.600000000000000 0.000000000000000 
0.200000000000000 0.800000000000000 0.000000000000000 
0.000000000000000 1.000000000000000 0.000000000000000 
0.800000000000000 -0.000000000000000 0.200000000000000 
0.600000000000000 0.200000000000000 0.200000000000000 
0.400000000000000 0.400000000000000 0.200000000000000 
0.200000000000000 0.600000000000000 0.200000000000000 
-0.000000000000000 0.800000000000000 0.200000000000000 
0.600000000000000 -0.000000000000000 0.400000000000000 
0.400000000000000 0.200000000000000 0.400000000000000 
0.200000000000000 0.400000000000000 0.400000000000000 
-0.000000000000000 0.600000000000000 0.400000000000000 
0.400000000000000 0.000000000000000 0.600000000000000 
0.200000000000000 0.200000000000000 0.600000000000000 
-0.000000000000000 0.400000000000000 0.600000000000000 
0.200000000000000 -0.000000000000000 0.800000000000000 
-0.000000000000000 0.200000000000000 0.800000000000000 
0.000000000000000 0.000000000000000 1.000000000000000 
******************************************
Plotting triangulation
25 3
9 10 14 
19 18 16 
17 16 13 
13 12 8 
0 1 6 
2 7 1 
2 8 7 
7 11 6 
1 7 6 
8 9 13 
12 15 11 
12 16 15 
7 12 11 
16 18 15 
13 16 12 
18 19 20 
10 9 4 
14 13 9 
16 17 19 
13 14 17 
7 8 12 
2 3 8 
9 8 3 
10 4 5 
9 3 4 
******************************************
Cubature r-coordinates
6 1
-0.816847572980458 
0.633695145960917 
-0.816847572980459 
-0.108103018168070 
-0.783793963663860 
-0.108103018168070 
******************************************
Cubature s-coordinates
6 1
-0.816847572980458 
-0.816847572980459 
0.633695145960917 
-0.108103018168070 
-0.108103018168070 
-0.783793963663860 
******************************************
Cubature weights
6 1
0.219903487310644 
0.219903487310644 
0.219903487310644 
0.446763179356023 
0.446763179356023 
0.446763179356023 
******************************************
Cubature Interpolation Matrix
6 3
0.816847572980458 0.091576213509771 0.091576213509771 
0.091576213509771 0.816847572980459 0.091576213509770 
0.091576213509771 0.091576213509771 0.816847572980458 
0.108103018168070 0.445948490915965 0.445948490915965 
0.445948490915965 0.108103018168070 0.445948490915965 
0.445948490915965 0.445948490915965 0.108103018168070 
******************************************
Cubature Weak Dr Differentiation Matrix
3 6
-0.659710461931932 -0.659710461931932 -0.659710461931932 -1.340289538068069 -1.340289538068069 -1.340289538068069 
0.659710461931932 0.659710461931932 0.659710461931932 1.340289538068069 1.340289538068069 1.340289538068069 
0.000000000000000 0.000000000000000 0.000000000000000 0.000000000000000 0.000000000000000 0.000000000000000 
******************************************
Cubature Weak Ds Differentiation Matrix
3 6
-0.659710461931932 -0.659710461931932 -0.659710461931932 -1.340289538068069 -1.340289538068069 -1.340289538068069 
-0.000000000000000 0.000000000000000 -0.000000000000000 0.000000000000000 -0.000000000000000 -0.000000000000000 
0.659710461931932 0.659710461931932 0.659710461931932 1.340289538068069 1.340289538068069 1.340289538068069 
******************************************
Cubature Projection Matrix
3 6
0.747910548431865 -0.209027658732949 -0.209027658732950 -0.380366080465541 0.525255424749788 0.525255424749788 
-0.209027658732949 0.747910548431866 -0.209027658732950 0.525255424749788 -0.380366080465541 0.525255424749788 
-0.209027658732949 -0.209027658732950 0.747910548431866 0.525255424749788 0.525255424749788 -0.380366080465541 
******************************************
Cubature Surface Interpolation Matrix
9 2
0.887298334620742 0.112701665379258 
0.500000000000000 0.500000000000000 
0.112701665379258 0.887298334620742 
0.887298334620742 0.112701665379258 
0.500000000000000 0.500000000000000 
0.112701665379258 0.887298334620742 
0.112701665379258 0.887298334620742 
0.500000000000000 0.500000000000000 
0.887298334620742 0.112701665379258 
******************************************
Cubature Surface Lift Matrix
3 9
2.124327782069140 1.333333333333333 -0.457661115402473 -0.833333333333334 -1.333333333333333 -0.833333333333334 -0.457661115402472 1.333333333333333 2.124327782069140 
-0.457661115402472 1.333333333333333 2.124327782069141 2.124327782069140 1.333333333333333 -0.457661115402472 -0.833333333333334 -1.333333333333333 -0.833333333333333 
-0.833333333333334 -1.333333333333333 -0.833333333333334 -0.457661115402472 1.333333333333333 2.124327782069140 2.124327782069139 1.333333333333333 -0.457661115402473 
